1.83934e-11	1.8241e-11	0	0	4.55036e+08	1.83934e-11	0	0	0	1.32911e+10	7.8704e+07	0	250616	145747	0	0	0	0	0	36527.8	0	0	0	0	0	0	0	0	0	0	0	0	0	0	0	0	0	
0	0	0	0	1.39039e+08	0	0	0	0	1.30142e+09	7.70643e+06	0	229786	103256	0	0	0	0	0	25878.4	0	0	0	0	0	0	0	0	0	0	0	0	0	0	0	0	0	
0	0	0	0	9.65546e+07	0	0	0	0	2.1152e+08	1.25252e+06	0	217179	86593.8	0	0	0	0	0	21702.6	0	0	0	0	0	0	0	0	0	0	0	0	0	0	0	0	0	
0	0	0	0	6.70518e+07	0	0	0	0	1.46889e+08	869808	0	208097	77591.4	0	0	0	0	0	19446.3	0	0	0	0	0	0	0	0	0	0	0	0	0	0	0	0	0	
0	0	0	0	4.65638e+07	0	0	0	0	1.02006e+08	604033	0	201198	71755.3	0	0	0	0	0	17983.7	0	0	0	0	0	0	0	0	0	0	0	0	0	0	0	0	0	
0	0	0	0	3.23359e+07	0	0	0	0	7.08376e+07	419468	0	195816	67555.9	0	0	0	0	0	16931.2	0	0	0	0	0	0	0	0	0	0	0	0	0	0	0	0	0	
0	0	0	0	2.24555e+07	0	0	0	0	4.91928e+07	291297	0	191528	64329.5	0	0	0	0	0	16122.6	0	0	0	0	0	0	0	0	0	0	0	0	0	0	0	0	0	
0	0	0	0	1.55941e+07	0	0	0	0	3.41617e+07	202290	0	188046	61738.3	0	0	0	0	0	15473.2	0	0	0	0	0	0	0	0	0	0	0	0	0	0	0	0	0	
0	0	0	0	1.08292e+07	0	0	0	0	2.37234e+07	140479	0	185164	59589.9	0	0	0	0	0	14934.7	0	0	0	0	0	0	0	0	0	0	0	0	0	0	0	0	0	
0	0	0	0	7.52029e+06	0	0	0	0	1.64746e+07	97554.8	0	182735	57765.6	0	0	0	0	0	14477.5	0	0	0	0	0	0	0	0	0	0	0	0	0	0	0	0	0	
0	0	0	0	5.22242e+06	0	0	0	0	1.14407e+07	67746.4	0	180649	56187.4	0	0	0	0	0	14082	0	0	0	0	0	0	0	0	0	0	0	0	0	0	0	0	0	
0	0	0	0	3.62667e+06	0	0	0	0	7.94492e+06	47046.1	0	178826	54801.9	0	0	0	0	0	13734.7	0	0	0	0	0	0	0	0	0	0	0	0	0	0	0	0	0	
0	0	0	0	2.51852e+06	0	0	0	0	5.51731e+06	32671	0	177206	53570.6	0	0	0	0	0	13426.1	0	0	0	0	0	0	0	0	0	0	0	0	0	0	0	0	0	
0	0	0	0	1.74896e+06	0	0	0	0	3.83147e+06	22688.2	0	175744	52465.4	0	0	0	0	0	13149.1	0	0	0	0	0	0	0	0	0	0	0	0	0	0	0	0	0	
0	0	0	0	1.21455e+06	0	0	0	0	2.66074e+06	15755.7	0	174407	51464.8	0	0	0	0	0	12898.4	0	0	0	0	0	0	0	0	0	0	0	0	0	0	0	0	0	
0	0	0	0	843434	0	0	0	0	1.84774e+06	10941.5	0	173170	50552.4	0	0	0	0	0	12669.7	0	0	0	0	0	0	0	0	0	0	0	0	0	0	0	0	0	
0	0	0	0	585713	0	0	0	0	1.28316e+06	7598.28	0	172013	49715.2	0	0	0	0	0	12459.9	0	0	0	0	0	0	0	0	0	0	0	0	0	0	0	0	0	
0	0	0	0	406740	0	0	0	0	891086	5276.62	0	170923	48942.7	0	0	0	0	0	12266.3	0	0	0	0	0	0	0	0	0	0	0	0	0	0	0	0	0	
0	0	0	0	282453	0	0	0	0	618814	3664.35	0	169888	48226.5	0	0	0	0	0	12086.8	0	0	0	0	0	0	0	0	0	0	0	0	0	0	0	0	0	
0	0	0	0	196143	0	0	0	0	429738	2544.73	0	168899	47559.6	0	0	0	0	0	11919.6	0	0	0	0	0	0	0	0	0	0	0	0	0	0	0	0	0	
0	0	0	0	136205	0	0	0	0	298436	1767.23	0	167952	46936.3	0	0	0	0	0	11763.4	0	0	0	0	0	0	0	0	0	0	0	0	0	0	0	0	0	
0	0	0	0	94582.4	0	0	0	0	207257	1227.31	0	167043	46351.9	0	0	0	0	0	11616.9	0	0	0	0	0	0	0	0	0	0	0	0	0	0	0	0	0	
0	0	0	0	65677.7	0	0	0	0	143941	852.4	0	166167	45802.2	0	0	0	0	0	11479.2	0	0	0	0	0	0	0	0	0	0	0	0	0	0	0	0	0	
0	0	0	0	45605.2	0	0	0	0	99977.4	592.081	0	165326	45284.1	0	0	0	0	0	11349.3	0	0	0	0	0	0	0	0	0	0	0	0	0	0	0	0	0	
0	0	0	0	31666.2	0	0	0	0	69454.8	411.362	0	164518	44794.9	0	0	0	0	0	11226.7	0	0	0	0	0	0	0	0	0	0	0	0	0	0	0	0	0	
0	0	0	0	21986.5	0	0	0	0	48269.9	285.947	0	163745	44332.5	0	0	0	0	0	11110.8	0	0	0	0	0	0	0	0	0	0	0	0	0	0	0	0	0	
0	0	0	0	15264.5	0	0	0	0	33574.4	198.973	0	163011	43895.6	0	0	0	0	0	11001.3	0	0	0	0	0	0	0	0	0	0	0	0	0	0	0	0	0	
0	0	0	0	10596.1	0	0	0	0	23392.2	138.743	0	162319	43483.7	0	0	0	0	0	10898.1	0	0	0	0	0	0	0	0	0	0	0	0	0	0	0	0	0	
0	0	0	0	7353.21	0	0	0	0	16352.5	97.1475	0	161674	43097.2	0	0	0	0	0	10801.2	0	0	0	0	0	0	0	0	0	0	0	0	0	0	0	0	0	
0	0	0	0	5099.25	0	0	0	0	11505.5	68.5669	0	161079	42738.1	0	0	0	0	0	10711.2	0	0	0	0	0	0	0	0	0	0	0	0	0	0	0	0	0	
0	0	0	0	3530.7	0	0	0	0	8192.57	49.106	0	160540	42410.4	0	0	0	0	0	10629.1	0	0	0	0	0	0	0	0	0	0	0	0	0	0	0	0	0	
0	0	0	0	2436.35	0	0	0	0	5955.7	36.0493	0	160063	42121	0	0	0	0	0	10556.6	0	0	0	0	0	0	0	0	0	0	0	0	0	0	0	0	0	
0	0	0	0	1669.2	0	0	0	0	4472.35	27.4717	0	159657	41880.9	0	0	0	0	0	10496.4	0	0	0	0	0	0	0	0	0	0	0	0	0	0	0	0	0	
0	0	0	0	1127.03	0	0	0	0	3509.46	21.964	0	159332	41705.9	0	0	0	0	0	10452.5	0	0	0	0	0	0	0	0	0	0	0	0	0	0	0	0	0	
0	0	0	0	739.013	0	0	0	0	2893.71	18.4689	0	159096	41617.8	0	0	0	0	0	10430.5	0	0	0	0	0	0	0	0	0	0	0	0	0	0	0	0	0	
0	0	0	0	456.46	0	0	0	0	2496.59	16.2095	0	158954	41644.8	0	0	0	0	0	10437.2	0	0	0	0	0	0	0	0	0	0	0	0	0	0	0	0	0	
0	0	0	0	246.402	0	0	0	0	2228.07	14.6554	0	158909	41820.5	0	0	0	0	0	10481.3	0	0	0	0	0	0	0	0	0	0	0	0	0	0	0	0	0	
0	0	0	0	87.0352	0	0	0	0	2030.45	13.4776	0	158961	42183.1	0	0	0	0	0	10572.1	0	0	0	0	0	0	0	0	0	0	0	0	0	0	0	0	0	
0	0	0	0	35.6152	0	0	0	0	1869.92	12.4888	0	159109	42771.8	0	0	0	0	0	10719.7	0	0	0	0	0	0	0	0	0	0	0	0	0	0	0	0	0	
0	0	0	0	130.199	0	0	0	0	1728.14	11.5904	0	159352	43623.2	0	0	0	0	0	10933.1	0	0	0	0	0	0	0	0	0	0	0	0	0	0	0	0	0	
0	0	0	0	201.949	0	0	0	0	1595.95	10.7351	0	159685	44766.7	0	0	0	0	0	11219.7	0	0	0	0	0	0	0	0	0	0	0	0	0	0	0	0	0	
0	0	0	0	254.106	0	0	0	0	1469.38	9.90412	0	160102	46220.3	0	0	0	0	0	11584	0	0	0	0	0	0	0	0	0	0	0	0	0	0	0	0	0	
0	0	0	0	288.925	0	0	0	0	1347.2	9.09422	0	160595	47987.8	0	0	0	0	0	12026.9	0	0	0	0	0	0	0	0	0	0	0	0	0	0	0	0	0	
0	0	0	0	308.325	0	0	0	0	1229.61	8.30955	0	161154	50058	0	0	0	0	0	12545.8	0	0	0	0	0	0	0	0	0	0	0	0	0	0	0	0	0	
0	0	0	0	314.236	0	0	0	0	1117.33	7.55703	0	161770	52405.5	0	0	0	0	0	13134.1	0	0	0	0	0	0	0	0	0	0	0	0	0	0	0	0	0	
0	0	0	0	308.739	0	0	0	0	1011.21	6.84358	0	162432	54993.4	0	0	0	0	0	13782.7	0	0	0	0	0	0	0	0	0	0	0	0	0	0	0	0	0	
0	0	0	0	294.038	0	0	0	0	911.952	6.17474	0	163127	57776.5	0	0	0	0	0	14480.2	0	0	0	0	0	0	0	0	0	0	0	0	0	0	0	0	0	
0	0	0	0	272.378	0	0	0	0	819.995	5.55412	0	163843	60704.9	0	0	0	0	0	15214.2	0	0	0	0	0	0	0	0	0	0	0	0	0	0	0	0	0	
0	0	0	0	245.915	0	0	0	0	735.53	4.98339	0	164570	63727.2	0	0	0	0	0	15971.6	0	0	0	0	0	0	0	0	0	0	0	0	0	0	0	0	0	
0	0	0	0	216.613	0	0	0	0	658.509	4.46252	0	165295	66793.2	0	0	0	0	0	16740	0	0	0	0	0	0	0	0	0	0	0	0	0	0	0	0	0	
1.83934e-11	1.8241e-11	0	0	4.55033e+08	1.83934e-11	0	0	0	1.32912e+10	7.87041e+07	0	257993	1.56696e+13	4.16283e+14	0	0	0	0	7990.16	3.00625e+07	8.05205e+15	596354	0	0	0	6.48167e+09	8.22585e+12	3.00625e+07	3.00625e+07	0	0	0	270141	0	6.84563e-07	0	
0	0	0	0	1.39038e+08	0	0	0	0	1.30142e+09	7.70643e+06	0	250602	3.51935e+89	8.09062e+111	0	0	0	0	inf	inf	1.35091e+118	1.98616e+146	0	7.83441e+79	9.32883e+57	2.87639e+87	4.69709e+112	inf	inf	2.82455e+72	0	0	270986	2.5316e+105	1.1844e+106	0	
1.83934e-11	1.8241e-11	0	0	4.55033e+08	1.83934e-11	0	0	0	1.32912e+10	7.87041e+07	0	257993	1.56696e+13	4.16283e+14	0	0	0	0	7990.16	3.00625e+07	8.05205e+15	596354	0	0	0	6.48167e+09	8.22585e+12	3.00625e+07	3.00625e+07	0	0	0	270141	0	6.84563e-07	0	
0	0	0	0	1.39038e+08	0	0	0	0	1.30142e+09	7.70643e+06	0	250602	3.51935e+89	8.09062e+111	0	0	0	0	inf	inf	1.35091e+118	1.98616e+146	0	7.83441e+79	9.32883e+57	2.87639e+87	4.69709e+112	inf	inf	2.82455e+72	0	0	270986	2.5316e+105	1.1844e+106	0	
1.83934e-11	1.8241e-11	0	0	4.55033e+08	1.83934e-11	0	0	0	1.32911e+10	7.8704e+07	0	257993	145747	0	0	0	0	0	36527.8	0	0	0	0	0	0	0	0	0	0	0	0	0	0	0	0	0	
0	0	0	0	1.39038e+08	0	0	0	0	1.30142e+09	7.70643e+06	0	250602	103256	0	0	0	0	0	25878.4	0	0	0	0	0	0	0	0	0	0	0	0	0	0	0	0	0	
0	0	0	0	9.65541e+07	0	0	0	0	2.1152e+08	1.25252e+06	0	248769	86593.8	0	0	0	0	0	21702.6	0	0	0	0	0	0	0	0	0	0	0	0	0	0	0	0	0	
0	0	0	0	6.70515e+07	0	0	0	0	1.46889e+08	869808	0	248039	77591.4	0	0	0	0	0	19446.3	0	0	0	0	0	0	0	0	0	0	0	0	0	0	0	0	0	
0	0	0	0	4.65635e+07	0	0	0	0	1.02006e+08	604033	0	247649	71755.3	0	0	0	0	0	17983.7	0	0	0	0	0	0	0	0	0	0	0	0	0	0	0	0	0	
0	0	0	0	3.23358e+07	0	0	0	0	7.08376e+07	419468	0	247404	67555.9	0	0	0	0	0	16931.2	0	0	0	0	0	0	0	0	0	0	0	0	0	0	0	0	0	
0	0	0	0	2.24554e+07	0	0	0	0	4.91928e+07	291297	0	247238	64329.5	0	0	0	0	0	16122.6	0	0	0	0	0	0	0	0	0	0	0	0	0	0	0	0	0	
0	0	0	0	1.5594e+07	0	0	0	0	3.41617e+07	202290	0	247118	61738.3	0	0	0	0	0	15473.2	0	0	0	0	0	0	0	0	0	0	0	0	0	0	0	0	0	
0	0	0	0	1.08292e+07	0	0	0	0	2.37234e+07	140479	0	247030	59589.9	0	0	0	0	0	14934.7	0	0	0	0	0	0	0	0	0	0	0	0	0	0	0	0	0	
0	0	0	0	7.52024e+06	0	0	0	0	1.64746e+07	97554.8	0	246962	57765.6	0	0	0	0	0	14477.5	0	0	0	0	0	0	0	0	0	0	0	0	0	0	0	0	0	
0	0	0	0	5.22238e+06	0	0	0	0	1.14407e+07	67746.4	0	246909	56187.4	0	0	0	0	0	14082	0	0	0	0	0	0	0	0	0	0	0	0	0	0	0	0	0	
0	0	0	0	3.62664e+06	0	0	0	0	7.94492e+06	47046.2	0	246866	54801.9	0	0	0	0	0	13734.7	0	0	0	0	0	0	0	0	0	0	0	0	0	0	0	0	0	
0	0	0	0	2.51849e+06	0	0	0	0	5.51731e+06	32671	0	246830	53570.6	0	0	0	0	0	13426.1	0	0	0	0	0	0	0	0	0	0	0	0	0	0	0	0	0	
0	0	0	0	1.74894e+06	0	0	0	0	3.83147e+06	22688.2	0	246800	52465.4	0	0	0	0	0	13149.1	0	0	0	0	0	0	0	0	0	0	0	0	0	0	0	0	0	
0	0	0	0	1.21453e+06	0	0	0	0	2.66075e+06	15755.7	0	246775	51464.8	0	0	0	0	0	12898.4	0	0	0	0	0	0	0	0	0	0	0	0	0	0	0	0	0	
0	0	0	0	843415	0	0	0	0	1.84775e+06	10941.5	0	246753	50552.4	0	0	0	0	0	12669.7	0	0	0	0	0	0	0	0	0	0	0	0	0	0	0	0	0	
0	0	0	0	585695	0	0	0	0	1.28316e+06	7598.32	0	246733	49715.2	0	0	0	0	0	12459.9	0	0	0	0	0	0	0	0	0	0	0	0	0	0	0	0	0	
0	0	0	0	406722	0	0	0	0	891090	5276.65	0	246715	48942.7	0	0	0	0	0	12266.3	0	0	0	0	0	0	0	0	0	0	0	0	0	0	0	0	0	
0	0	0	0	282436	0	0	0	0	618819	3664.39	0	246700	48226.5	0	0	0	0	0	12086.8	0	0	0	0	0	0	0	0	0	0	0	0	0	0	0	0	0	
0	0	0	0	196126	0	0	0	0	429743	2544.77	0	246687	47559.6	0	0	0	0	0	11919.6	0	0	0	0	0	0	0	0	0	0	0	0	0	0	0	0	0	
0	0	0	0	136189	0	0	0	0	298441	1767.27	0	246677	46936.3	0	0	0	0	0	11763.4	0	0	0	0	0	0	0	0	0	0	0	0	0	0	0	0	0	
0	0	0	0	94565.9	0	0	0	0	207262	1227.35	0	246671	46351.9	0	0	0	0	0	11616.9	0	0	0	0	0	0	0	0	0	0	0	0	0	0	0	0	0	
0	0	0	0	65661.1	0	0	0	0	143947	852.44	0	246671	45802.2	0	0	0	0	0	11479.2	0	0	0	0	0	0	0	0	0	0	0	0	0	0	0	0	0	
0	0	0	0	45588.5	0	0	0	0	99982.9	592.122	0	246679	45284.1	0	0	0	0	0	11349.3	0	0	0	0	0	0	0	0	0	0	0	0	0	0	0	0	0	
0	0	0	0	31649.3	0	0	0	0	69460.3	411.403	0	246701	44794.9	0	0	0	0	0	11226.7	0	0	0	0	0	0	0	0	0	0	0	0	0	0	0	0	0	
0	0	0	0	21969.3	0	0	0	0	48275.5	285.988	0	246740	44332.6	0	0	0	0	0	11110.9	0	0	0	0	0	0	0	0	0	0	0	0	0	0	0	0	0	
0	0	0	0	15246.8	0	0	0	0	33580.1	199.015	0	246804	43896	0	0	0	0	0	11001.4	0	0	0	0	0	0	0	0	0	0	0	0	0	0	0	0	0	
0	0	0	0	10577.6	0	0	0	0	23397.8	138.785	0	246902	43484.6	0	0	0	0	0	10898.3	0	0	0	0	0	0	0	0	0	0	0	0	0	0	0	0	0	
0	0	0	0	7333.41	0	0	0	0	16358.2	97.1893	0	247041	43099.5	0	0	0	0	0	10801.8	0	0	0	0	0	0	0	0	0	0	0	0	0	0	0	0	0	
0	0	0	0	5077.52	0	0	0	0	11511.1	68.6082	0	247233	42743.4	0	0	0	0	0	10712.6	0	0	0	0	0	0	0	0	0	0	0	0	0	0	0	0	0	
0	0	0	0	3506.11	0	0	0	0	8198.16	49.1463	0	247486	42422	0	0	0	0	0	10632	0	0	0	0	0	0	0	0	0	0	0	0	0	0	0	0	0	
0	0	0	0	2407.7	0	0	0	0	5961.18	36.0883	0	247808	42145.1	0	0	0	0	0	10562.6	0	0	0	0	0	0	0	0	0	0	0	0	0	0	0	0	0	
0	0	0	0	1635.07	0	0	0	0	4477.66	27.5087	0	248210	41928.3	0	0	0	0	0	10508.3	0	0	0	0	0	0	0	0	0	0	0	0	0	0	0	0	0	
0	0	0	0	1085.85	0	0	0	0	3514.55	21.9986	0	248705	41794.6	0	0	0	0	0	10474.8	0	0	0	0	0	0	0	0	0	0	0	0	0	0	0	0	0	
0	0	0	0	689.249	0	0	0	0	2898.55	18.501	0	249308	41776.3	0	0	0	0	0	10470.2	0	0	0	0	0	0	0	0	0	0	0	0	0	0	0	0	0	
0	0	0	0	396.88	0	0	0	0	2501.2	16.2394	0	250033	41915.9	0	0	0	0	0	10505.2	0	0	0	0	0	0	0	0	0	0	0	0	0	0	0	0	0	
0	0	0	0	176.359	0	0	0	0	2232.49	14.6837	0	250887	42265.5	0	0	0	0	0	10592.8	0	0	0	0	0	0	0	0	0	0	0	0	0	0	0	0	0	
0	0	0	0	6.73877	0	0	0	0	2034.75	13.5049	0	251875	42884.7	0	0	0	0	0	10748	0	0	0	0	0	0	0	0	0	0	0	0	0	0	0	0	0	
0	0	0	0	124.912	0	0	0	0	1874.13	12.5155	0	252996	43835.7	0	0	0	0	0	10986.3	0	0	0	0	0	0	0	0	0	0	0	0	0	0	0	0	0	
0	0	0	0	226.163	0	0	0	0	1732.28	11.6165	0	254247	45177	0	0	0	0	0	11322.5	0	0	0	0	0	0	0	0	0	0	0	0	0	0	0	0	0	
0	0	0	0	301.295	0	0	0	0	1600	10.7605	0	255620	46955.8	0	0	0	0	0	11768.3	0	0	0	0	0	0	0	0	0	0	0	0	0	0	0	0	0	
0	0	0	0	352.888	0	0	0	0	1473.29	9.92859	0	257108	49201.8	0	0	0	0	0	12331.2	0	0	0	0	0	0	0	0	0	0	0	0	0	0	0	0	0	
0	0	0	0	382.925	0	0	0	0	1350.96	9.11761	0	258698	51923	0	0	0	0	0	13013.2	0	0	0	0	0	0	0	0	0	0	0	0	0	0	0	0	0	
0	0	0	0	393.481	0	0	0	0	1233.2	8.33182	0	260377	55105	0	0	0	0	0	13810.7	0	0	0	0	0	0	0	0	0	0	0	0	0	0	0	0	0	
0	0	0	0	387.027	0	0	0	0	1120.76	7.57825	0	262130	58713.7	0	0	0	0	0	14715.1	0	0	0	0	0	0	0	0	0	0	0	0	0	0	0	0	0	
0	0	0	0	366.465	0	0	0	0	1014.51	6.86396	0	263941	62699.1	0	0	0	0	0	15714	0	0	0	0	0	0	0	0	0	0	0	0	0	0	0	0	0	
0	0	0	0	334.984	0	0	0	0	915.151	6.19458	0	265792	67000.8	0	0	0	0	0	16792.1	0	0	0	0	0	0	0	0	0	0	0	0	0	0	0	0	0	
0	0	0	0	295.834	0	0	0	0	823.149	5.57376	0	267667	71552.2	0	0	0	0	0	17932.8	0	0	0	0	0	0	0	0	0	0	0	0	0	0	0	0	0	
0	0	0	0	252.096	0	0	0	0	738.691	5.0032	0	269549	76285	0	0	0	0	0	19118.9	0	0	0	0	0	0	0	0	0	0	0	0	0	0	0	0	0	
0	0	0	0	206.498	0	0	0	0	661.731	4.48286	0	271420	81132	0	0	0	0	0	20333.7	0	0	0	0	0	0	0	0	0	0	0	0	0	0	0	0	0	
1.83934e-11	1.8241e-11	0	0	4.55033e+08	1.83934e-11	0	0	0	1.32912e+10	7.87041e+07	0	257993	1.56696e+13	4.16283e+14	0	0	0	0	7990.16	3.00625e+07	8.05205e+15	596354	0	0	0	6.48167e+09	8.22585e+12	3.00625e+07	3.00625e+07	0	0	0	270141	0	6.84563e-07	0	
0	0	0	0	1.39038e+08	0	0	0	0	1.30142e+09	7.70643e+06	0	250602	3.51935e+89	8.09062e+111	0	0	0	0	inf	inf	1.35091e+118	1.98616e+146	0	7.83441e+79	9.32883e+57	2.87639e+87	4.69709e+112	inf	inf	2.82455e+72	0	0	270986	2.5316e+105	1.1844e+106	0	
7.03133e-09	6.45239e-09	0	0	3.63688e+11	7.03133e-09	0	0	0	1.06329e+13	6.29632e+10	0	267122	122318	1016.32	0	0	0	0	46889	64790	19658.3	0.00168891	0	0	0	2.87062e-05	20.0828	25453.3	62737.3	0	0	0	0.000140594	0	1.33704e-15	0	
0	0	0	0	1.11127e+11	0	0	0	0	1.04114e+12	6.16515e+09	0	267085	35413.6	10673.1	1.81015	1.07088e-13	0.566113	5.69238e-15	46852.9	151638	41990.9	6.7716e+06	0.0184181	1.91746e-16	1.11152e-07	17.8118	38.6438	67471.3	129915	131.443	3.2362e-16	1.27281e-18	2.13097	39.8009	6.77177e+06	0	
0	0	0	0	7.71715e+10	0	0	0	0	1.69216e+11	1.00202e+09	0	267047	4.36064e+09	1.93412e+19	1.81015	5216.32	0.566113	246365	7.55516e+09	374625	3.36045e+12	9.25916e+16	1.21335e+08	9.93655e-12	0.000565548	1.39805e+09	58.7266	2.5851e+14	2.0868e+10	131.443	6.53052e+06	6.99959e+07	32336.1	304837	9.90359e+10	0	
0	0	0	0	5.35913e+10	0	0	0	0	1.17511e+11	6.95846e+08	0	267009	5.58831e+149	3.9121e+105	1.37031e+36	5216.32	4.0851e+97	246365	8.3269e+52	2.62879e+20	5.17122e+107	2.80393e+137	3.21369e+94	1.08459e+82	8.72189e+44	5.79884e+150	7.03167e+36	1.20459e+53	5.45844e+13	6.72843e+49	5.21307e+35	9.46767e+82	1.92507e+106	5.11655e+99	1.93022e+88	0	
1.20543e-06	1.19544e-06	0	0	3.63688e+13	1.20543e-06	0	0	0	1.06329e+15	6.29632e+12	0	267141	186147	1.01632e-05	0	0	0	0	46907	1012.73	0.000196583	1.68955e-09	0	0	0	3.28906e-12	2.00967e-07	1012.73	1012.73	0	0	0	1.40647e-10	0	1.33704e-21	0	
0	0	0	0	1.11127e+13	0	0	0	0	1.04114e+14	6.16515e+11	0	267141	184135	0.000351827	8.07446e-16	3.60743e-33	4.77711e-20	1.46141e-34	46906.7	3023.6	0.00680526	5.98047e-06	9.18855e-18	3.44498e-45	2.06947e-21	2.4534e-11	6.95523e-06	3023.58	3023.6	2.03402e-11	2.7219e-25	8.04724e-28	1.40661e-10	2.3052e-20	5.9435e-06	0	
0	0	0	0	7.71714e+12	0	0	0	0	1.69216e+13	1.00202e+11	0	267140	182145	0.0024844	5.30554e-14	7.47037e-26	8.20745e-18	3.02075e-27	46906.3	5012.71	0.0480545	4.3554e-06	1.32303e-14	2.27978e-40	1.44034e-12	1.03893e-10	4.91053e-05	5012.61	5012.7	5.81307e-10	1.84257e-22	5.41604e-25	4.53032e-06	1.15587e-11	4.51774e-06	0	
0	0	0	0	5.35913e+12	0	0	0	0	1.17511e+13	6.95846e+10	0	267140	180176	0.00922221	7.38295e-13	5.72801e-24	2.26267e-16	2.30907e-25	46905.9	6980.3	0.178376	0.208785	6.54281e-13	9.73754e-39	1.44034e-12	4.44698e-10	0.000182264	6979.94	6980.28	5.62157e-09	9.26075e-21	2.71389e-23	4.53081e-06	1.15587e-11	0.208785	0	
0	0	0	0	3.72162e+12	0	0	0	0	8.16049e+12	4.83227e+10	0	267139	178228	0.024715	8.08475e-12	1.81902e-22	2.67208e-15	7.32682e-24	46905.6	8926.6	0.478017	0.00307263	1.59342e-09	1.86452e-33	8.89979e-08	7.88371e-09	0.000488426	8925.65	8926.55	3.11887e-08	2.31818e-19	6.77757e-22	3.66441e-05	1.2547e-06	0.00307263	0	
0	0	0	0	2.58446e+12	0	0	0	0	5.66701e+12	3.35574e+10	0	267139	176301	0.0543991	3.01585e-11	2.00598e-21	1.91923e-14	8.03115e-23	46905.2	10851.9	1.05207	1.68883	5.88268e-09	5.99716e-32	9.4979e-08	1.45859e-08	0.00107498	10849.7	10851.7	1.23371e-07	1.84859e-18	5.3821e-21	3.6648e-05	1.63239e-06	1.68883	0	
0	0	0	0	1.79476e+12	0	0	0	0	3.93542e+12	2.33038e+10	0	267139	174395	0.104949	1.48213e-10	1.50818e-20	9.91668e-14	6.02812e-22	46904.8	12756.3	2.02952	0.0248543	3.87715e-08	1.40623e-30	1.15589e-06	9.95087e-08	0.00207377	12752.2	12756.1	3.88697e-07	1.28386e-17	3.73356e-20	0.000126028	2.35612e-05	0.0248542	0	
0	0	0	0	1.24636e+12	0	0	0	0	2.73293e+12	1.61832e+10	0	267138	172510	0.184233	3.69995e-10	8.43845e-20	4.05101e-13	3.35975e-21	46904.5	14640.1	3.56227	5.80826	1.14222e-07	1.78028e-29	1.26525e-06	1.50433e-07	0.00364005	14633	14639.7	1.03994e-06	5.78431e-17	1.67556e-19	0.00012604	2.97259e-05	5.80828	0	
0	0	0	0	8.65529e+11	0	0	0	0	1.89787e+12	1.12383e+10	0	267138	170645	0.301265	1.16112e-09	3.67826e-19	1.38736e-12	1.46082e-20	46904.1	16503.5	5.8242	0.0855143	3.70238e-07	1.56911e-28	6.07277e-06	5.52529e-07	0.00595183	16491.9	16502.9	2.46004e-06	2.30369e-16	6.66209e-19	0.000336164	0.000162188	0.0855135	0	
0	0	0	0	6.01062e+11	0	0	0	0	1.31796e+12	7.80438e+09	0	267138	168800	0.46616	2.39316e-09	1.37574e-18	4.14187e-12	5.44761e-20	46903.7	18346.8	9.01019	15.4927	8.71869e-07	1.04353e-27	6.5459e-06	7.73098e-07	0.00920832	18328.8	18345.9	5.28652e-06	7.45845e-16	2.14973e-18	0.000336196	0.000195236	15.4929	0	
0	0	0	0	4.17404e+11	0	0	0	0	9.15253e+11	5.41971e+09	0	267137	166976	0.690097	5.89861e-09	4.43484e-18	1.10778e-11	1.75191e-19	46903.4	20170.1	13.3352	0.228501	2.13075e-06	5.71402e-27	2.23441e-05	2.14258e-06	0.0136302	20143.5	20168.8	1.05186e-05	2.21719e-15	6.38067e-18	0.000975936	0.000738861	0.228496	0	
0	0	0	0	2.89864e+11	0	0	0	0	6.35592e+11	3.76369e+09	0	267137	165170	0.985269	1.07336e-08	1.29761e-17	2.70766e-11	5.11329e-19	46903	21973.8	19.0332	44.9776	4.36712e-06	2.662e-26	2.36287e-05	2.83996e-06	0.0194566	21935.7	21971.8	1.96491e-05	5.82231e-15	1.67052e-17	0.00097603	0.000855082	44.9784	0	
0	0	0	0	2.01294e+11	0	0	0	0	4.41384e+11	2.61367e+09	0	267136	163385	1.36485	2.35655e-08	3.45456e-17	6.13914e-11	1.35883e-18	46902.6	23757.9	26.3563	0.66621	9.65243e-06	1.15121e-25	7.73463e-05	7.35851e-06	0.0269481	23705.1	23755.1	3.48221e-05	1.45615e-14	4.17624e-17	0.00452185	0.00305294	0.666181	0	
0	0	0	0	1.39788e+11	0	0	0	0	3.06516e+11	1.81505e+09	0	267136	161619	1.84294	3.86431e-08	8.6344e-17	1.30613e-10	3.39002e-18	46902.3	25522.6	35.5735	208.4	1.87597e-05	4.53621e-25	7.92525e-05	9.11627e-06	0.0363786	25451.5	25518.9	5.90195e-05	3.33388e-14	9.53424e-17	0.00452233	0.00337509	208.403	0	
0	0	0	0	9.70748e+10	0	0	0	0	2.12859e+11	1.26045e+09	0	267136	159872	2.43455	8.95175e-08	2.03945e-16	2.63121e-10	8.01111e-18	46901.9	27268.4	46.9702	3.10403	4.56471e-05	1.97663e-24	0.000360148	3.01302e-05	0.0480507	27174.3	27263.4	9.62727e-05	7.70783e-14	2.21627e-16	0.0599907	0.0165443	3.10366	0	
0	0	0	0	6.74131e+10	0	0	0	0	1.47818e+11	8.75313e+08	0	267135	158143	3.15554	1.26651e-07	4.68395e-16	5.05548e-10	1.84053e-17	46901.6	28995.2	60.8465	2764.86	9.4556e-05	8.30393e-24	0.000325093	3.16468e-05	0.0622584	28873.4	28988.8	0.000151917	1.64598e-13	4.71388e-16	0.0599974	0.0159341	2764.88	0	
0	0	0	0	4.68146e+10	0	0	0	0	1.02652e+11	6.07856e+08	0	267135	156434	4.0226	6.32828e-07	1.12205e-15	9.3179e-10	4.50955e-17	46901.2	30703.5	77.5164	41.9293	0.00042995	7.68709e-23	0.00445954	0.000312566	0.0794483	30547.9	30695.2	0.000232723	4.83698e-13	1.46322e-15	7.07186	0.233985	41.8897	0	
0	0	0	0	3.25102e+10	0	0	0	0	7.12859e+10	4.22122e+08	0	267135	154743	5.0532	9.01695e-08	2.94382e-15	1.65558e-09	1.19918e-16	46900.8	32392.8	97.3069	325932	0.00113294	6.02223e-22	0.00291554	0.000168338	0.0995334	32198.4	32382.7	0.000348038	1.17414e-12	3.2599e-15	7.07265	0.16398	325931	0	
0	0	0	0	2.25765e+10	0	0	0	0	4.95041e+10	2.93141e+08	0	267134	153070	6.2656	6.53521e-05	3.67606e-14	2.80278e-09	1.60367e-15	46900.4	34095.7	120.546	82889.1	0.0431738	2.65977e-19	0.537182	0.0362023	0.138197	33791.7	34051.8	0.00046578	4.26858e-11	1.26529e-13	82711.6	31.6983	82857.9	0	
0	0	0	0	1.56781e+10	0	0	0	0	3.43784e+10	2.0357e+08	0	267134	151444	7.66987	6.61938e-05	4.5505e-13	4.05611e-09	1.4317e-14	46909.4	29694.8	147.498	3.80689e+09	0.403963	1.539e-17	0.539629	0.0364314	0.546577	41442.5	35673.7	0.00949696	4.46423e-11	1.32109e-13	82720.9	31.8093	3.80689e+09	0	
0	0	0	0	1.08876e+10	0	0	0	0	2.53515e+10	1.4174e+08	0	267133	82765.3	34.6323	36.2156	4.96689e-13	1.04511e-08	1.61177e-14	24214.5	1.26418e+07	91.3365	3.8076e+09	399.931	1.56582e-17	262920	17732	4843.08	383274	106629	5.58268e+07	1.48622e-15	3.51169e-18	4.57215e+13	1.27992e+07	3.80759e+09	0	
0	0	0	0	7.56083e+09	0	0	0	0	1.85761e+10	9.86882e+07	0	267133	3.45555e+06	1.50708e+30	36.2156	5.16263e+07	1.57598e-09	60024.9	6.68486e+06	3.63392e+21	4.20318e+10	5.91655e+07	400.38	6.93262e-13	263003	20140.9	2.23366e+23	38.9833	6.40553e+06	5.58268e+07	3.76931e+18	8.96109e+16	4.59471e+33	1.28025e+07	5.91655e+07	0	
0	0	0	0	5.25057e+09	0	0	0	0	1.48297e+10	6.96481e+07	0	267133	8.28889e+11	inf	4.27849e+146	3.47378e+132	3.04758e+60	89379.9	9.87908e+77	inf	3.46436e+145	inf	5.39529e+140	1.49982e+95	1.41294e+49	inf	2.23366e+23	9.8595e+71	inf	1.26574e+72	2.48103e+55	2.34402e+52	4.59471e+33	1.12673e+65	1.84453e+07	0	
8.382e-16	7.69185e-16	0	0	163367	8.382e-16	0	0	0	1.5011e+06	8888.84	0	7.02155e+21	3.57549e+36	2.5586e+30	0	0	0	0	7.16918e+32	2.35684e+15	4.949e+31	0	0	0	0	4.987e+12	5.05585e+28	2.35684e+15	2.36183e+15	0	0	0	1.19995e+25	0	475195	0	
1.83934e-11	1.8241e-11	0	0	-nan	1.83934e-11	0	0	0	-nan	-nan	0	145747	257993	0	0	0	0	0	36527.8	0	0	0	0	0	0	0	0	0	0	0	0	0	0	0	0	0	0	0	0	0	0	0	0	0	
0	0	0	0	-nan	0	0	0	0	-nan	-nan	0	103256	250602	0	0	0	0	0	25878.4	0	0	0	0	0	0	0	0	0	0	0	0	0	0	0	0	0	0	0	0	0	0	0	0	0	
0	0	0	0	-nan	0	0	0	0	-nan	-nan	0	86593.8	248769	0	0	0	0	0	21702.6	0	0	0	0	0	0	0	0	0	0	0	0	0	0	0	0	0	0	0	0	0	0	0	0	0	
0	0	0	0	-nan	0	0	0	0	-nan	-nan	0	77591.4	248039	0	0	0	0	0	19446.3	0	0	0	0	0	0	0	0	0	0	0	0	0	0	0	0	0	0	0	0	0	0	0	0	0	
0	0	0	0	-nan	0	0	0	0	-nan	-nan	0	71755.3	247649	0	0	0	0	0	17983.7	0	0	0	0	0	0	0	0	0	0	0	0	0	0	0	0	0	0	0	0	0	0	0	0	0	
0	0	0	0	-nan	0	0	0	0	-nan	-nan	0	67555.9	247404	0	0	0	0	0	16931.2	0	0	0	0	0	0	0	0	0	0	0	0	0	0	0	0	0	0	0	0	0	0	0	0	0	
0	0	0	0	-nan	0	0	0	0	-nan	-nan	0	64329.5	247238	0	0	0	0	0	16122.6	0	0	0	0	0	0	0	0	0	0	0	0	0	0	0	0	0	0	0	0	0	0	0	0	0	
0	0	0	0	-nan	0	0	0	0	-nan	-nan	0	61738.3	247118	0	0	0	0	0	15473.2	0	0	0	0	0	0	0	0	0	0	0	0	0	0	0	0	0	0	0	0	0	0	0	0	0	
0	0	0	0	-nan	0	0	0	0	-nan	-nan	0	59589.9	247030	0	0	0	0	0	14934.7	0	0	0	0	0	0	0	0	0	0	0	0	0	0	0	0	0	0	0	0	0	0	0	0	0	
0	0	0	0	-nan	0	0	0	0	-nan	-nan	0	57765.6	246962	0	0	0	0	0	14477.5	0	0	0	0	0	0	0	0	0	0	0	0	0	0	0	0	0	0	0	0	0	0	0	0	0	
0	0	0	0	-nan	0	0	0	0	-nan	-nan	0	56187.4	246909	0	0	0	0	0	14082	0	0	0	0	0	0	0	0	0	0	0	0	0	0	0	0	0	0	0	0	0	0	0	0	0	
0	0	0	0	-nan	0	0	0	0	-nan	-nan	0	54801.9	246866	0	0	0	0	0	13734.7	0	0	0	0	0	0	0	0	0	0	0	0	0	0	0	0	0	0	0	0	0	0	0	0	0	
0	0	0	0	-nan	0	0	0	0	-nan	-nan	0	53570.6	246830	0	0	0	0	0	13426.1	0	0	0	0	0	0	0	0	0	0	0	0	0	0	0	0	0	0	0	0	0	0	0	0	0	
0	0	0	0	-nan	0	0	0	0	-nan	-nan	0	52465.4	246800	0	0	0	0	0	13149.1	0	0	0	0	0	0	0	0	0	0	0	0	0	0	0	0	0	0	0	0	0	0	0	0	0	
0	0	0	0	-nan	0	0	0	0	-nan	-nan	0	51464.8	246775	0	0	0	0	0	12898.4	0	0	0	0	0	0	0	0	0	0	0	0	0	0	0	0	0	0	0	0	0	0	0	0	0	
0	0	0	0	-nan	0	0	0	0	-nan	-nan	0	50552.4	246753	0	0	0	0	0	12669.7	0	0	0	0	0	0	0	0	0	0	0	0	0	0	0	0	0	0	0	0	0	0	0	0	0	
0	0	0	0	-nan	0	0	0	0	-nan	-nan	0	49715.2	246733	0	0	0	0	0	12459.9	0	0	0	0	0	0	0	0	0	0	0	0	0	0	0	0	0	0	0	0	0	0	0	0	0	
0	0	0	0	-nan	0	0	0	0	-nan	-nan	0	48942.7	246715	0	0	0	0	0	12266.3	0	0	0	0	0	0	0	0	0	0	0	0	0	0	0	0	0	0	0	0	0	0	0	0	0	
0	0	0	0	-nan	0	0	0	0	-nan	-nan	0	48226.5	246700	0	0	0	0	0	12086.8	0	0	0	0	0	0	0	0	0	0	0	0	0	0	0	0	0	0	0	0	0	0	0	0	0	
0	0	0	0	-nan	0	0	0	0	-nan	-nan	0	47559.6	246687	0	0	0	0	0	11919.6	0	0	0	0	0	0	0	0	0	0	0	0	0	0	0	0	0	0	0	0	0	0	0	0	0	
0	0	0	0	-nan	0	0	0	0	-nan	-nan	0	46936.3	246677	0	0	0	0	0	11763.4	0	0	0	0	0	0	0	0	0	0	0	0	0	0	0	0	0	0	0	0	0	0	0	0	0	
0	0	0	0	-nan	0	0	0	0	-nan	-nan	0	46351.9	246671	0	0	0	0	0	11616.9	0	0	0	0	0	0	0	0	0	0	0	0	0	0	0	0	0	0	0	0	0	0	0	0	0	
0	0	0	0	-nan	0	0	0	0	-nan	-nan	0	45802.2	246671	0	0	0	0	0	11479.2	0	0	0	0	0	0	0	0	0	0	0	0	0	0	0	0	0	0	0	0	0	0	0	0	0	
0	0	0	0	-nan	0	0	0	0	-nan	-nan	0	45284.1	246679	0	0	0	0	0	11349.3	0	0	0	0	0	0	0	0	0	0	0	0	0	0	0	0	0	0	0	0	0	0	0	0	0	
0	0	0	0	-nan	0	0	0	0	-nan	-nan	0	44794.9	246701	0	0	0	0	0	11226.7	0	0	0	0	0	0	0	0	0	0	0	0	0	0	0	0	0	0	0	0	0	0	0	0	0	
0	0	0	0	-nan	0	0	0	0	-nan	-nan	0	44332.6	246740	0	0	0	0	0	11110.9	0	0	0	0	0	0	0	0	0	0	0	0	0	0	0	0	0	0	0	0	0	0	0	0	0	
0	0	0	0	-nan	0	0	0	0	-nan	-nan	0	43896	246804	0	0	0	0	0	11001.4	0	0	0	0	0	0	0	0	0	0	0	0	0	0	0	0	0	0	0	0	0	0	0	0	0	
0	0	0	0	-nan	0	0	0	0	-nan	-nan	0	43484.6	246902	0	0	0	0	0	10898.3	0	0	0	0	0	0	0	0	0	0	0	0	0	0	0	0	0	0	0	0	0	0	0	0	0	
0	0	0	0	-nan	0	0	0	0	-nan	-nan	0	43099.5	247041	0	0	0	0	0	10801.8	0	0	0	0	0	0	0	0	0	0	0	0	0	0	0	0	0	0	0	0	0	0	0	0	0	
0	0	0	0	-nan	0	0	0	0	-nan	-nan	0	42743.4	247233	0	0	0	0	0	10712.6	0	0	0	0	0	0	0	0	0	0	0	0	0	0	0	0	0	0	0	0	0	0	0	0	0	
0	0	0	0	-nan	0	0	0	0	-nan	-nan	0	42422	247486	0	0	0	0	0	10632	0	0	0	0	0	0	0	0	0	0	0	0	0	0	0	0	0	0	0	0	0	0	0	0	0	
0	0	0	0	-nan	0	0	0	0	-nan	-nan	0	42145.1	247808	0	0	0	0	0	10562.6	0	0	0	0	0	0	0	0	0	0	0	0	0	0	0	0	0	0	0	0	0	0	0	0	0	
0	0	0	0	-nan	0	0	0	0	-nan	-nan	0	41928.3	248210	0	0	0	0	0	10508.3	0	0	0	0	0	0	0	0	0	0	0	0	0	0	0	0	0	0	0	0	0	0	0	0	0	
0	0	0	0	-nan	0	0	0	0	-nan	-nan	0	41794.6	248705	0	0	0	0	0	10474.8	0	0	0	0	0	0	0	0	0	0	0	0	0	0	0	0	0	0	0	0	0	0	0	0	0	
0	0	0	0	-nan	0	0	0	0	-nan	-nan	0	41776.3	249308	0	0	0	0	0	10470.2	0	0	0	0	0	0	0	0	0	0	0	0	0	0	0	0	0	0	0	0	0	0	0	0	0	
0	0	0	0	-nan	0	0	0	0	-nan	-nan	0	41915.9	250033	0	0	0	0	0	10505.2	0	0	0	0	0	0	0	0	0	0	0	0	0	0	0	0	0	0	0	0	0	0	0	0	0	
0	0	0	0	-nan	0	0	0	0	-nan	-nan	0	42265.5	250887	0	0	0	0	0	10592.8	0	0	0	0	0	0	0	0	0	0	0	0	0	0	0	0	0	0	0	0	0	0	0	0	0	
0	0	0	0	-nan	0	0	0	0	-nan	-nan	0	42884.7	251875	0	0	0	0	0	10748	0	0	0	0	0	0	0	0	0	0	0	0	0	0	0	0	0	0	0	0	0	0	0	0	0	
0	0	0	0	-nan	0	0	0	0	-nan	-nan	0	43835.7	252996	0	0	0	0	0	10986.3	0	0	0	0	0	0	0	0	0	0	0	0	0	0	0	0	0	0	0	0	0	0	0	0	0	
0	0	0	0	-nan	0	0	0	0	-nan	-nan	0	45177	254247	0	0	0	0	0	11322.5	0	0	0	0	0	0	0	0	0	0	0	0	0	0	0	0	0	0	0	0	0	0	0	0	0	
0	0	0	0	-nan	0	0	0	0	-nan	-nan	0	46955.8	255620	0	0	0	0	0	11768.3	0	0	0	0	0	0	0	0	0	0	0	0	0	0	0	0	0	0	0	0	0	0	0	0	0	
0	0	0	0	-nan	0	0	0	0	-nan	-nan	0	49201.8	257108	0	0	0	0	0	12331.2	0	0	0	0	0	0	0	0	0	0	0	0	0	0	0	0	0	0	0	0	0	0	0	0	0	
0	0	0	0	-nan	0	0	0	0	-nan	-nan	0	51923	258698	0	0	0	0	0	13013.2	0	0	0	0	0	0	0	0	0	0	0	0	0	0	0	0	0	0	0	0	0	0	0	0	0	
0	0	0	0	-nan	0	0	0	0	-nan	-nan	0	55105	260377	0	0	0	0	0	13810.7	0	0	0	0	0	0	0	0	0	0	0	0	0	0	0	0	0	0	0	0	0	0	0	0	0	
0	0	0	0	-nan	0	0	0	0	-nan	-nan	0	58713.7	262130	0	0	0	0	0	14715.1	0	0	0	0	0	0	0	0	0	0	0	0	0	0	0	0	0	0	0	0	0	0	0	0	0	
0	0	0	0	-nan	0	0	0	0	-nan	-nan	0	62699.1	263941	0	0	0	0	0	15714	0	0	0	0	0	0	0	0	0	0	0	0	0	0	0	0	0	0	0	0	0	0	0	0	0	
0	0	0	0	-nan	0	0	0	0	-nan	-nan	0	67000.8	265792	0	0	0	0	0	16792.1	0	0	0	0	0	0	0	0	0	0	0	0	0	0	0	0	0	0	0	0	0	0	0	0	0	
0	0	0	0	-nan	0	0	0	0	-nan	-nan	0	71552.2	267667	0	0	0	0	0	17932.8	0	0	0	0	0	0	0	0	0	0	0	0	0	0	0	0	0	0	0	0	0	0	0	0	0	
0	0	0	0	-nan	0	0	0	0	-nan	-nan	0	76285	269549	0	0	0	0	0	19118.9	0	0	0	0	0	0	0	0	0	0	0	0	0	0	0	0	0	0	0	0	0	0	0	0	0	
0	0	0	0	-nan	0	0	0	0	-nan	-nan	0	81132	271420	0	0	0	0	0	20333.7	0	0	0	0	0	0	0	0	0	0	0	0	0	0	0	0	0	0	0	0	0	0	0	0	0	
1.83934e-11	1.8241e-11	0	0	-nan	1.83934e-11	0	0	0	-nan	-nan	0	145747	257993	6.30028e-05	0	0	0	0	36527.8	7.0462e-27	0.00130068	0.000231854	0	0	0	0.010107	1.92221e-05	0.000321512	0.011875	0	0	0	0.000105003	0	6.81669e-07	0	0	0	0	0	0	0	0	0	
0	0	0	0	-nan	0	0	0	0	-nan	-nan	0	158558	250602	4.74039e+06	817.124	2.13149e-11	0.00233957	4.04121e-13	9.58237e+07	7.61773e+07	3.70242e+06	2.23069e+09	1.46942e-05	3.58009e-09	689.823	42.0947	1819.22	0.000321996	9.99293e+07	1.10499e-09	1.83685e-14	1.5453e-16	94256	8.42231e+07	2.34725e+09	0	0	0	0	0	0	0	0	0	
0	0	0	0	-nan	0	0	0	0	-nan	-nan	0	5.56185e+68	248769	7.02378e+70	4.5471e+67	1.22468e+63	1.88121e+29	6.82328e+49	2.55747e+133	1.70498e+133	4.00894e+67	2.42923e+09	6.37812e+65	7.53891e+58	690.696	1.19794e+41	1.72312e+68	2.32587e+06	4.45063e+16	1.27162e+82	1.41479e+66	2.01725e+23	4.59922e+69	3.9192e+67	1.10544e+34	0	0	0	0	0	0	0	0	0	
7.03133e-09	6.45239e-09	0	0	-nan	7.03133e-09	0	0	0	-nan	-nan	0	187088	267122	2.40337e-22	0	0	0	0	46889	1.02536e-61	4.60449e-15	8.20778e-16	0	0	0	3.2926e-08	6.80474e-17	8.20778e-16	3.2926e-08	0	0	0	6.80477e-17	0	1.33139e-15	0	0	0	0	0	0	0	0	0	
0	0	0	0	-nan	0	0	0	0	-nan	-nan	0	186943	267085	1.14273e-20	1.76021e-36	6.17983e-46	8.91793e-46	9.96121e-52	46852.6	9.36006e-17	1.14924e-13	2.96199e-12	1.83619e-30	6.10349e-50	2.20018e-21	2.30278e-07	1.66479e-15	2.04232e-14	2.30278e-07	7.71059e-31	1.22231e-43	2.13236e-50	1.17418e-16	4.57719e-33	2.9522e-12	0	0	0	0	0	0	0	0	0	
0	0	0	0	-nan	0	0	0	0	-nan	-nan	0	186798	267047	1.83393e-19	1.02155e-29	2.71463e-41	2.24775e-43	1.4453e-46	46816.3	1.76162e-15	7.75832e-13	5.16093e-12	5.18652e-27	6.58687e-45	7.29988e-15	6.24419e-07	1.10457e-14	1.3732e-13	6.24421e-07	2.41439e-29	4.08292e-40	3.89222e-50	2.88716e-12	5.11479e-26	5.216e-12	0	0	0	0	0	0	0	0	0	
0	0	0	0	-nan	0	0	0	0	-nan	-nan	0	186654	267009	1.27604e-18	1.0219e-29	2.45429e-40	9.60599e-42	1.44535e-46	46780	1.25369e-14	2.86542e-12	1.31885e-07	5.41426e-25	1.68983e-43	7.30069e-15	1.21474e-06	1.27785e-14	3.34876e-13	1.21474e-06	2.33598e-28	6.07105e-38	4.83685e-44	5.11423e-12	5.1169e-26	1.31892e-07	0	0	0	0	0	0	0	0	0	
0	0	0	0	-nan	0	0	0	0	-nan	-nan	0	186509	266972	5.57183e-18	2.41739e-24	1.62838e-35	1.53763e-40	2.85928e-40	46743.8	3.69178e-13	7.69678e-12	1.92942e-07	1.5019e-21	1.24871e-38	5.73172e-10	2.00066e-06	1.31328e-11	1.64628e-11	2.00121e-06	1.29369e-27	1.90941e-34	8.05984e-44	4.85318e-11	1.20503e-20	1.92943e-07	0	0	0	0	0	0	0	0	0	
0	0	0	0	-nan	0	0	0	0	-nan	-nan	0	186365	266935	1.82356e-17	3.26167e-24	1.25255e-34	1.38945e-39	1.83195e-40	46707.7	1.50498e-12	1.7015e-11	2.20858e-06	5.74811e-21	2.03857e-37	5.18975e-10	2.9815e-06	8.71648e-12	1.88497e-11	2.98202e-06	5.11931e-27	7.71352e-34	1.92662e-39	8.65346e-11	1.254e-20	2.20802e-06	0	0	0	0	0	0	0	0	0	
0	0	0	0	-nan	0	0	0	0	-nan	-nan	0	186221	266897	4.91894e-17	1.27136e-22	1.6791e-33	8.64673e-39	6.39965e-38	46671.6	1.45694e-11	3.29959e-11	3.28022e-06	8.88564e-20	3.06966e-36	1.45423e-08	4.15754e-06	3.13467e-10	4.00887e-10	4.17132e-06	1.61701e-26	1.43418e-32	1.92674e-39	2.83383e-10	6.2526e-19	3.28026e-06	0	0	0	0	0	0	0	0	0	
0	0	0	0	-nan	0	0	0	0	-nan	-nan	0	186077	266860	1.15339e-16	1.79934e-22	8.75286e-33	4.1353e-38	1.63365e-38	46635.5	5.01072e-11	5.82411e-11	1.25233e-05	2.86541e-19	2.88236e-35	1.53585e-08	5.52652e-06	2.38405e-10	4.85856e-10	5.54124e-06	4.34346e-26	4.5334e-32	3.13652e-37	5.00626e-10	7.26211e-19	1.25079e-05	0	0	0	0	0	0	0	0	0	
0	0	0	0	-nan	0	0	0	0	-nan	-nan	0	185933	266823	2.44262e-16	1.69464e-21	4.46676e-32	1.62801e-37	4.03629e-36	46599.5	2.05145e-10	9.57868e-11	1.91451e-05	1.47019e-18	1.74399e-34	1.13047e-07	7.09454e-06	2.21674e-09	3.21354e-09	7.20166e-06	1.03393e-25	2.58164e-31	3.13659e-37	1.12754e-09	8.1278e-18	1.91454e-05	0	3.40382e-67	0	1.86056e-148	0	0	0	0	0	
0	0	0	0	-nan	0	0	0	0	-nan	-nan	0	185790	266786	4.76694e-16	2.26789e-21	1.56312e-31	5.51217e-37	1.54249e-36	46563.6	5.59862e-10	1.49085e-10	4.7824e-05	3.91642e-18	9.47712e-34	1.19668e-07	8.84953e-06	1.56626e-09	3.84874e-09	8.96414e-06	2.23956e-25	6.67118e-31	1.07641e-35	1.94411e-09	9.02909e-18	4.77211e-05	0	5.34625e-39	7.94781e-150	1.32746e-102	3.28502e-155	0	0	2.27327e-124	1.76803e-142	
0	0	0	0	-nan	0	0	0	0	-nan	-nan	0	185647	266749	8.77048e-16	1.19944e-20	5.32129e-31	1.66043e-36	1.10483e-34	9.13487e+96	1.56776e-09	2.22055e-10	7.48695e-05	1.2805e-17	3.84399e-33	5.18356e-07	1.08204e-05	9.03309e-09	1.51977e-08	1.13129e-05	4.51129e-25	2.25485e-30	1.07643e-35	3.69381e-09	5.67385e-17	7.4871e-05	1.82697e+97	2.4565e+12	2.83193e-36	2.54904e-54	3.26122e-99	2.83193e-36	7.73165e-117	2.27327e-124	2.55619e-36	
