HyperCLaw-V1.1
37
rho
rhou
rhov
rhow
rhoe
density
velx
vely
velz
pressure
temperature
volfrac
Ar
CH4
C2H6
C2H4
C2H2
C3H8
C3H6
O2
H2O
H2O2
CH2O
CO
CO2
H2
HO2
O
OH
CH3
C2H5
C2H3
C3H7
CH3O
CHO
H
S1
3
0
1
0 0 0 
1 0.125 0.125 
2 
((0,0,0) (31,3,3) (0,0,0)) ((0,0,0) (63,7,7) (0,0,0)) 
0 0 
0.03125 0.03125 0.03125 
0.015625 0.015625 0.015625 
0
0
0 8 0
0
0 0.125
0 0.125
0 0.125
0.125 0.25
0 0.125
0 0.125
0.25 0.375
0 0.125
0 0.125
0.375 0.5
0 0.125
0 0.125
0.5 0.625
0 0.125
0 0.125
0.625 0.75
0 0.125
0 0.125
0.75 0.875
0 0.125
0 0.125
0.875 1
0 0.125
0 0.125
Level_0/Cell
1 12 0
0
0.625 0.6875
0 0.0625
0 0.0625
0.6875 0.75
0 0.0625
0 0.0625
0.625 0.6875
0.0625 0.125
0 0.0625
0.6875 0.75
0.0625 0.125
0 0.0625
0.625 0.6875
0 0.0625
0.0625 0.125
0.6875 0.75
0 0.0625
0.0625 0.125
0.625 0.6875
0.0625 0.125
0.0625 0.125
0.6875 0.75
0.0625 0.125
0.0625 0.125
0.75 0.8125
0 0.0625
0 0.0625
0.75 0.8125
0.0625 0.125
0 0.0625
0.75 0.8125
0 0.0625
0.0625 0.125
0.75 0.8125
0.0625 0.125
0.0625 0.125
Level_1/Cell
