0	0	0	0	4.00968	0	0	0	0	305.09	1.68121	0	2819.94	1477	0	0	0	0	0	370.174	0	0	0	0	0	0	0	0	0	0	0	0	0	0	0	0	0	
0	0	0	0	14.4297	0	0	0	0	275.529	1.51831	0	2601.42	1363.15	0	0	0	0	0	341.64	0	0	0	0	0	0	0	0	0	0	0	0	0	0	0	0	0	
0	0	0	0	7.8989	0	0	0	0	34.3895	0.18955	0	1047.13	547.415	0	0	0	0	0	137.196	0	0	0	0	0	0	0	0	0	0	0	0	0	0	0	0	0	
0	0	0	0	5.56983	0	0	0	0	30.3527	0.16729	0	660.768	344.3	0	0	0	0	0	86.2903	0	0	0	0	0	0	0	0	0	0	0	0	0	0	0	0	0	
0	0	0	0	9.29023	0	0	0	0	25.3482	0.139705	0	361.286	185.938	0	0	0	0	0	46.6006	0	0	0	0	0	0	0	0	0	0	0	0	0	0	0	0	0	
0	0	0	0	11.9905	0	0	0	0	16.9034	0.0931687	0	187.118	91.8759	0	0	0	0	0	23.0264	0	0	0	0	0	0	0	0	0	0	0	0	0	0	0	0	0	
0	0	0	0	12.5366	0	0	0	0	9.50822	0.0524193	0	103.346	42.9856	0	0	0	0	0	10.7733	0	0	0	0	0	0	0	0	0	0	0	0	0	0	0	0	0	
0	0	0	0	11.3392	0	0	0	0	4.89589	0.0270058	0	71.1402	19.4641	0	0	0	0	0	4.87819	0	0	0	0	0	0	0	0	0	0	0	0	0	0	0	0	0	
0	0	0	0	9.3003	0	0	0	0	2.49543	0.0137798	0	61.2495	8.99033	0	0	0	0	0	2.2532	0	0	0	0	0	0	0	0	0	0	0	0	0	0	0	0	0	
0	0	0	0	7.16954	0	0	0	0	1.35092	0.00747183	0	58.0252	5.18513	0	0	0	0	0	1.29952	0	0	0	0	0	0	0	0	0	0	0	0	0	0	0	0	0	
0	0	0	0	5.32304	0	0	0	0	0.807161	0.00447124	0	56.3831	4.40053	0	0	0	0	0	1.10288	0	0	0	0	0	0	0	0	0	0	0	0	0	0	0	0	0	
0	0	0	0	3.86614	0	0	0	0	0.524622	0.00290886	0	55.135	4.39216	0	0	0	0	0	1.10079	0	0	0	0	0	0	0	0	0	0	0	0	0	0	0	0	0	
0	0	0	0	2.77472	0	0	0	0	0.357197	0.00198136	0	54.0372	4.45116	0	0	0	0	0	1.11557	0	0	0	0	0	0	0	0	0	0	0	0	0	0	0	0	0	
0	0	0	0	1.98181	0	0	0	0	0.24793	0.00137549	0	53.0394	4.47788	0	0	0	0	0	1.12227	0	0	0	0	0	0	0	0	0	0	0	0	0	0	0	0	0	
0	0	0	0	1.41704	0	0	0	0	0.17326	0.000961349	0	52.1284	4.47842	0	0	0	0	0	1.12241	0	0	0	0	0	0	0	0	0	0	0	0	0	0	0	0	0	
0	0	0	0	1.02062	0	0	0	0	0.121409	0.000673795	0	51.3028	4.46515	0	0	0	0	0	1.11908	0	0	0	0	0	0	0	0	0	0	0	0	0	0	0	0	0	
0	0	0	0	0.746145	0	0	0	0	0.0852926	0.000473578	0	50.5746	4.44538	0	0	0	0	0	1.11412	0	0	0	0	0	0	0	0	0	0	0	0	0	0	0	0	0	
0	0	0	0	0.55908	0	0	0	0	0.0601912	0.000334528	0	49.9824	4.42275	0	0	0	0	0	1.10845	0	0	0	0	0	0	0	0	0	0	0	0	0	0	0	0	0	
0	0	0	0	0.434108	0	0	0	0	0.0428367	0.000238532	0	49.6128	4.39893	0	0	0	0	0	1.10248	0	0	0	0	0	0	0	0	0	0	0	0	0	0	0	0	0	
0	0	0	0	0.35254	0	0	0	0	0.0309462	0.000172946	0	49.6298	4.3747	0	0	0	0	0	1.09641	0	0	0	0	0	0	0	0	0	0	0	0	0	0	0	0	0	
0	0	0	0	0.300423	0	0	0	0	0.0229219	0.000128916	0	50.2986	4.35037	0	0	0	0	0	1.09031	0	0	0	0	0	0	0	0	0	0	0	0	0	0	0	0	0	
0	0	0	0	0.267456	0	0	0	0	0.0176308	0.000100132	0	51.9765	4.32612	0	0	0	0	0	1.08423	0	0	0	0	0	0	0	0	0	0	0	0	0	0	0	0	0	
0	0	0	0	0.2464	0	0	0	0	0.014236	8.1874e-05	0	55.0425	4.30199	0	0	0	0	0	1.07819	0	0	0	0	0	0	0	0	0	0	0	0	0	0	0	0	0	
0	0	0	0	0.232505	0	0	0	0	0.0120872	7.04315e-05	0	59.7753	4.27803	0	0	0	0	0	1.07218	0	0	0	0	0	0	0	0	0	0	0	0	0	0	0	0	0	
0	0	0	0	0.222847	0	0	0	0	0.0106803	6.29326e-05	0	66.2425	4.25423	0	0	0	0	0	1.06622	0	0	0	0	0	0	0	0	0	0	0	0	0	0	0	0	0	
0	0	0	0	0.215703	0	0	0	0	0.00965582	5.73649e-05	0	74.2741	4.23062	0	0	0	0	0	1.0603	0	0	0	0	0	0	0	0	0	0	0	0	0	0	0	0	0	
0	0	0	0	0.210079	0	0	0	0	0.0087905	5.25083e-05	0	83.5186	4.20718	0	0	0	0	0	1.05442	0	0	0	0	0	0	0	0	0	0	0	0	0	0	0	0	0	
0	0	0	0	0.205401	0	0	0	0	0.00796817	4.77485e-05	0	93.5323	4.18391	0	0	0	0	0	1.04859	0	0	0	0	0	0	0	0	0	0	0	0	0	0	0	0	0	
0	0	0	0	0.201335	0	0	0	0	0.00714533	4.28744e-05	0	103.858	4.16082	0	0	0	0	0	1.04281	0	0	0	0	0	0	0	0	0	0	0	0	0	0	0	0	0	
0	0	0	0	0.197679	0	0	0	0	0.00632298	3.79178e-05	0	114.076	4.13791	0	0	0	0	0	1.03706	0	0	0	0	0	0	0	0	0	0	0	0	0	0	0	0	0	
0	0	0	0	0.194311	0	0	0	0	0.00552711	3.30455e-05	0	123.839	4.11517	0	0	0	0	0	1.03136	0	0	0	0	0	0	0	0	0	0	0	0	0	0	0	0	0	
0	0	0	0	0.191153	0	0	0	0	0.00479582	2.84885e-05	0	132.884	4.0926	0	0	0	0	0	1.02571	0	0	0	0	0	0	0	0	0	0	0	0	0	0	0	0	0	
0	0	0	0	0.18815	0	0	0	0	0.00417025	2.44958e-05	0	141.034	4.0702	0	0	0	0	0	1.02009	0	0	0	0	0	0	0	0	0	0	0	0	0	0	0	0	0	
0	0	0	0	0.185269	0	0	0	0	0.00368604	2.1294e-05	0	148.195	4.04796	0	0	0	0	0	1.01452	0	0	0	0	0	0	0	0	0	0	0	0	0	0	0	0	0	
0	0	0	0	0	0	0	0	0	0.0264148	0.000158848	0	132.098	0	0	0	0	0	0	0	0	0	0	0	0	0	0	0	0	0	0	0	0	0	0	0	0	
0	0	0	0	0	0	0	0	0	0.0188388	0.00011329	0	94.2207	0	0	0	0	0	0	0	0	0	0	0	0	0	0	0	0	0	0	0	0	0	0	0	0	
0	0	0	0	0	0	0	0	0	0.0161994	9.74171e-05	0	81.0214	0	0	0	0	0	0	0	0	0	0	0	0	0	0	0	0	0	0	0	0	0	0	0	0	
0	0	0	0	0	0	0	0	0	0.0147684	8.88112e-05	0	73.8645	0	0	0	0	0	0	0	0	0	0	0	0	0	0	0	0	0	0	0	0	0	0	0	0	
0	0	0	0	0	0	0	0	0	0.0138237	8.31306e-05	0	69.1402	0	0	0	0	0	0	0	0	0	0	0	0	0	0	0	0	0	0	0	0	0	0	0	0	
0	0	0	0	0	0	0	0	0	0.013128	7.89466e-05	0	65.6605	0	0	0	0	0	0	0	0	0	0	0	0	0	0	0	0	0	0	0	0	0	0	0	0	
0	0	0	0	0	0	0	0	0	0.0125813	7.56592e-05	0	62.9265	0	0	0	0	0	0	0	0	0	0	0	0	0	0	0	0	0	0	0	0	0	0	0	0	
0	0	0	0	9.05942e-12	0	0	0	0	0.0121337	7.29672e-05	0	60.6876	0	0	0	0	0	0	0	0	0	0	0	0	0	0	0	0	0	0	0	0	0	0	0	0	
0	0	0	0	2.53202e-10	0	0	0	0	0.0117564	7.06985e-05	0	58.8008	0	0	0	0	0	0	0	0	0	0	0	0	0	0	0	0	0	0	0	0	0	0	0	0	
0	0	0	0	2.66557e-09	0	0	0	0	0.0114317	6.87456e-05	0	57.1767	0	0	0	0	0	0	0	0	0	0	0	0	0	0	0	0	0	0	0	0	0	0	0	0	
0	0	0	0	1.56006e-08	0	0	0	0	0.0111475	6.70368e-05	0	55.7556	0	0	0	0	0	0	0	0	0	0	0	0	0	0	0	0	0	0	0	0	0	0	0	0	
0	0	0	0	6.2071e-08	0	0	0	0	0.0108956	6.55221e-05	0	54.4958	0	0	0	0	0	0	0	0	0	0	0	0	0	0	0	0	0	0	0	0	0	0	0	0	
0	0	0	0	1.69395e-07	0	0	0	0	0.01067	6.41651e-05	0	53.3672	0	0	0	0	0	0	0	0	0	0	0	0	0	0	0	0	0	0	0	0	0	0	0	0	
0	0	0	0	2.76691e-07	0	0	0	0	0.0104662	6.29396e-05	0	52.3482	0	0	0	0	0	0	0	0	0	0	0	0	0	0	0	0	0	0	0	0	0	0	0	0	
0	0	0	0	1.00683e-08	0	0	0	0	0.0102813	6.18275e-05	0	51.4247	0	0	0	0	0	0	0	0	0	0	0	0	0	0	0	0	0	0	0	0	0	0	0	0	
0	0	0	0	1.88904e-06	0	0	0	0	0.0101134	6.08178e-05	0	50.5916	0	0	0	0	0	0	0	0	0	0	0	0	0	0	0	0	0	0	0	0	0	0	0	0	
0	0	0	0	8.05728e-06	0	0	0	0	0.00996158	5.99051e-05	0	49.8593	0	0	0	0	0	0	0	0	0	0	0	0	0	0	0	0	0	0	0	0	0	0	0	0	
0	0	0	0	2.35078e-05	0	0	0	0	0.00982517	5.90848e-05	0	49.2657	0	0	0	0	0	0	0	0	0	0	0	0	0	0	0	0	0	0	0	0	0	0	0	0	
0	0	0	0	5.61953e-05	0	0	0	0	0.00970185	5.83432e-05	0	48.8983	0	0	0	0	0	0	0	0	0	0	0	0	0	0	0	0	0	0	0	0	0	0	0	0	
0	0	0	0	0.000117287	0	0	0	0	0.0095857	5.76447e-05	0	48.9235	0	0	0	0	0	0	0	0	0	0	0	0	0	0	0	0	0	0	0	0	0	0	0	0	
0	0	0	0	0.000220766	0	0	0	0	0.00946533	5.69209e-05	0	49.6096	0	0	0	0	0	0	0	0	0	0	0	0	0	0	0	0	0	0	0	0	0	0	0	0	
0	0	0	0	0.000382301	0	0	0	0	0.00932353	5.60681e-05	0	51.3175	0	0	0	0	0	0	0	0	0	0	0	0	0	0	0	0	0	0	0	0	0	0	0	0	
0	0	0	0	0.000617487	0	0	0	0	0.00913915	5.49593e-05	0	54.4276	0	0	0	0	0	0	0	0	0	0	0	0	0	0	0	0	0	0	0	0	0	0	0	0	
0	0	0	0	0.000939743	0	0	0	0	0.00889084	5.34661e-05	0	59.2158	0	0	0	0	0	0	0	0	0	0	0	0	0	0	0	0	0	0	0	0	0	0	0	0	
0	0	0	0	0.00135826	0	0	0	0	0.00856155	5.14859e-05	0	65.7438	0	0	0	0	0	0	0	0	0	0	0	0	0	0	0	0	0	0	0	0	0	0	0	0	
0	0	0	0	0.00187639	0	0	0	0	0.00814221	4.89642e-05	0	73.8345	0	0	0	0	0	0	0	0	0	0	0	0	0	0	0	0	0	0	0	0	0	0	0	0	
0	0	0	0	0.00249076	0	0	0	0	0.00763366	4.59059e-05	0	83.1322	0	0	0	0	0	0	0	0	0	0	0	0	0	0	0	0	0	0	0	0	0	0	0	0	
0	0	0	0	0.00319129	0	0	0	0	0.00704653	4.23751e-05	0	93.1914	0	0	0	0	0	0	0	0	0	0	0	0	0	0	0	0	0	0	0	0	0	0	0	0	
0	0	0	0	0.00396206	0	0	0	0	0.00639939	3.84835e-05	0	103.554	0	0	0	0	0	0	0	0	0	0	0	0	0	0	0	0	0	0	0	0	0	0	0	0	
0	0	0	0	0.00478278	0	0	0	0	0.00571582	3.43728e-05	0	113.803	0	0	0	0	0	0	0	0	0	0	0	0	0	0	0	0	0	0	0	0	0	0	0	0	
0	0	0	0	0.00563071	0	0	0	0	0.00502123	3.01958e-05	0	123.591	0	0	0	0	0	0	0	0	0	0	0	0	0	0	0	0	0	0	0	0	0	0	0	0	
0	0	0	0	0.00648268	0	0	0	0	0.00433986	2.60982e-05	0	132.655	0	0	0	0	0	0	0	0	0	0	0	0	0	0	0	0	0	0	0	0	0	0	0	0	
0	0	0	0	0.00731684	0	0	0	0	0.00369254	2.22055e-05	0	140.82	0	0	0	0	0	0	0	0	0	0	0	0	0	0	0	0	0	0	0	0	0	0	0	0	
0	0	0	0	0.00811418	0	0	0	0	0.00309535	1.86143e-05	0	147.994	0	0	0	0	0	0	0	0	0	0	0	0	0	0	0	0	0	0	0	0	0	0	0	0	
0	0	0	0	0.00885941	0	0	0	0	0.00255903	1.53891e-05	0	154.151	0	0	0	0	0	0	0	0	0	0	0	0	0	0	0	0	0	0	0	0	0	0	0	0	
0	0	0	0	0.00954152	0	0	0	0	0.00208918	1.25635e-05	0	159.325	0	0	0	0	0	0	0	0	0	0	0	0	0	0	0	0	0	0	0	0	0	0	0	0	
0	0	0	0	0.0101537	0	0	0	0	0.00168687	1.01442e-05	0	163.585	0	0	0	0	0	0	0	0	0	0	0	0	0	0	0	0	0	0	0	0	0	0	0	0	
0	0	0	0	0.0106932	0	0	0	0	0.00134964	8.11623e-06	0	167.027	0	0	0	0	0	0	0	0	0	0	0	0	0	0	0	0	0	0	0	0	0	0	0	0	
0	0	0	0	0.0111604	0	0	0	0	0.00107249	6.44957e-06	0	169.759	0	0	0	0	0	0	0	0	0	0	0	0	0	0	0	0	0	0	0	0	0	0	0	0	
0	0	0	0	0.0115585	0	0	0	0	0.000848873	5.1048e-06	0	171.893	0	0	0	0	0	0	0	0	0	0	0	0	0	0	0	0	0	0	0	0	0	0	0	0	
0	0	0	0	0.0118925	0	0	0	0	0.000671508	4.03819e-06	0	173.532	0	0	0	0	0	0	0	0	0	0	0	0	0	0	0	0	0	0	0	0	0	0	0	0	
0	0	0	0	0.0121687	0	0	0	0	0.00053307	3.20568e-06	0	174.773	0	0	0	0	0	0	0	0	0	0	0	0	0	0	0	0	0	0	0	0	0	0	0	0	
0	0	0	0	0.012394	0	0	0	0	0.000426626	2.56557e-06	0	175.699	0	0	0	0	0	0	0	0	0	0	0	0	0	0	0	0	0	0	0	0	0	0	0	0	
0	0	0	0	0.0125754	0	0	0	0	0.000345935	2.08032e-06	0	176.381	0	0	0	0	0	0	0	0	0	0	0	0	0	0	0	0	0	0	0	0	0	0	0	0	
0	0	0	0	0.0127195	0	0	0	0	0.000285586	1.7174e-06	0	176.876	0	0	0	0	0	0	0	0	0	0	0	0	0	0	0	0	0	0	0	0	0	0	0	0	
0	0	0	0	0.0128326	0	0	0	0	0.000241033	1.44948e-06	0	177.232	0	0	0	0	0	0	0	0	0	0	0	0	0	0	0	0	0	0	0	0	0	0	0	0	
0	0	0	0	0.0129203	0	0	0	0	0.000208571	1.25427e-06	0	177.485	0	0	0	0	0	0	0	0	0	0	0	0	0	0	0	0	0	0	0	0	0	0	0	0	
0	0	0	0	0.0129875	0	0	0	0	0.000185296	1.1143e-06	0	177.662	0	0	0	0	0	0	0	0	0	0	0	0	0	0	0	0	0	0	0	0	0	0	0	0	
0	0	0	0	0.0130383	0	0	0	0	0.000168548	1.01358e-06	0	177.785	0	0	0	0	0	0	0	0	0	0	0	0	0	0	0	0	0	0	0	0	0	0	0	0	
0	0	0	0	0.0130762	0	0	0	0	0.000156612	9.41807e-07	0	177.87	0	0	0	0	0	0	0	0	0	0	0	0	0	0	0	0	0	0	0	0	0	0	0	0	
0	0	0	0	0.0131041	0	0	0	0	0.000148308	8.9187e-07	0	177.927	0	0	0	0	0	0	0	0	0	0	0	0	0	0	0	0	0	0	0	0	0	0	0	0	
0	0	0	0	0.0131242	0	0	0	0	0.000142727	8.58306e-07	0	177.965	0	0	0	0	0	0	0	0	0	0	0	0	0	0	0	0	0	0	0	0	0	0	0	0	
0	0	0	0	0.0131384	0	0	0	0	0.000139014	8.35974e-07	0	177.991	0	0	0	0	0	0	0	0	0	0	0	0	0	0	0	0	0	0	0	0	0	0	0	0	
0	0	0	0	0.0131481	0	0	0	0	0.000136523	8.20999e-07	0	178.007	0	0	0	0	0	0	0	0	0	0	0	0	0	0	0	0	0	0	0	0	0	0	0	0	
