0	0	0	0	0	900494	4.3765e+08	55402.8	5196.23	1.62415e+11	3.00815e+08	0	0	0	0	0	0	0	0	0	0	0	0	0	0	0	0	0	0	0	0	0	139.606	139.606	0	279.211	139.607	8.03007e-14	
0	0	0	0	0	900494	4.3765e+08	55402.8	5196.23	1.62415e+11	3.00815e+08	0	0	0	0	0	0	0	0	0	0	0	0	0	0	0	0	0	0	0	0	0	139.606	139.606	0	279.211	139.607	8.03007e-14	
0	0	0	0	0	900494	4.3765e+08	55402.8	5196.23	1.62415e+11	3.00815e+08	0	0	0	0	0	0	0	0	0	0	0	0	0	0	0	0	0	0	0	0	0	139.606	139.606	0	279.211	139.607	8.03007e-14	
0	0	0	0	0	900384	4.36174e+08	18531.2	0	1.62393e+11	3.0077e+08	0	0	0	0	0	0	0	0	0	0	0	0	0	0	0	0	0	0	0	0	0	139.606	139.606	0	279.212	139.607	8.03007e-14	
0	0	0	0	0	3.60244e+06	1.76537e+09	3.94941e+08	3.94941e+08	3.81934e+12	1.88494e+10	0	0	0	0	0	0	0	0	0	0	0	0	0	0	0	0	0	0	0	0	0	279.226	279.226	0	558.453	279.233	8.03093e-14	
0	0	0	0	0	3.60172e+06	1.75578e+09	3.94941e+08	3.94941e+08	3.81931e+12	1.88493e+10	0	0	0	0	0	0	0	0	0	0	0	0	0	0	0	0	0	0	0	0	0	279.226	279.226	0	558.453	279.233	8.03093e-14	
0	0	0	0	0	900384	4.36174e+08	18531.2	0	1.62393e+11	3.0077e+08	0	0	0	0	0	0	0	0	0	0	0	0	0	0	0	0	0	0	0	0	0	139.606	139.606	0	279.212	139.607	8.03007e-14	
0	0	0	0	0	933752	4.13991e+08	49795	0.0506846	1.64927e+11	2.92835e+08	0	0	0	0	0	0	0	0	0	0	0	0	0	0	0	0	0	0	0	0	0	96.9797	96.9797	0	193.959	96.9806	1.10583e-13	
0	0	0	0	0	961478	3.95433e+08	73746.6	0.202534	1.67404e+11	2.83049e+08	0	0	0	0	0	0	0	0	0	0	0	0	0	0	0	0	0	0	0	0	0	69.6589	69.6589	0	139.318	69.6594	8.68562e-14	
0	0	0	0	0	3.60172e+06	1.75578e+09	3.94941e+08	3.94941e+08	3.81931e+12	1.88493e+10	0	0	0	0	0	0	0	0	0	0	0	0	0	0	0	0	0	0	0	0	0	279.227	279.227	0	558.453	279.233	8.03094e-14	
0	0	0	0	0	4.13009e+06	1.85304e+09	8.45348e+08	8.45348e+08	2.62928e+12	1.08936e+10	0	0	0	0	0	0	0	0	0	0	0	0	0	0	0	0	0	0	0	0	0	192.252	192.252	0	384.504	192.246	1.02805e-13	
0	0	0	0	0	4.49876e+06	1.92045e+09	9.74024e+08	9.74024e+08	2.11547e+12	7.28215e+09	0	0	0	0	0	0	0	0	0	0	0	0	0	0	0	0	0	0	0	0	0	136.775	136.775	0	273.551	136.778	7.44188e-14	
0	0	0	0	0	4.72331e+06	1.96144e+09	1.01562e+09	1.01562e+09	1.79698e+12	5.26048e+09	0	0	0	0	0	0	0	0	0	0	0	0	0	0	0	0	0	0	0	0	0	100.565	100.565	0	201.13	100.562	4.98297e-14	
0	0	0	0	0	4.85587e+06	1.98768e+09	1.0294e+09	1.0294e+09	1.59238e+12	4.20522e+09	0	0	0	0	0	0	0	0	0	0	0	0	0	0	0	0	0	0	0	0	0	76.3211	76.3211	0	152.642	76.3266	3.33191e-14	
0	0	0	0	0	4.91162e+06	2.01489e+09	1.039e+09	1.039e+09	1.45451e+12	3.67633e+09	0	0	0	0	0	0	0	0	0	0	0	0	0	0	0	0	0	0	0	0	0	59.6745	59.6745	0	119.349	59.6713	2.27935e-14	
0	0	0	0	0	4.9279e+06	2.04511e+09	1.0495e+09	1.0495e+09	1.35348e+12	3.36741e+09	0	0	0	0	0	0	0	0	0	0	0	0	0	0	0	0	0	0	0	0	0	47.9671	47.9671	0	95.9342	47.9628	1.60912e-14	
0	0	0	0	0	4.92634e+06	2.07582e+09	1.06097e+09	1.06097e+09	1.27347e+12	3.14311e+09	0	0	0	0	0	0	0	0	0	0	0	0	0	0	0	0	0	0	0	0	0	39.5474	39.5474	0	79.0949	39.5511	1.17516e-14	
0	0	0	0	0	3.60251e+06	1.76623e+09	3.94941e+08	3.94941e+08	3.81936e+12	1.88495e+10	0	0	0	0	0	0	0	0	0	0	0	0	0	0	0	0	0	0	0	0	0	279.226	279.226	0	558.453	279.233	8.03093e-14	
0	0	0	0	0	3.60244e+06	1.76537e+09	3.94941e+08	3.94941e+08	3.81934e+12	1.88494e+10	0	0	0	0	0	0	0	0	0	0	0	0	0	0	0	0	0	0	0	0	0	279.226	279.226	0	558.453	279.233	8.03093e-14	
0	0	0	0	0	4.1317e+06	1.86015e+09	8.45142e+08	8.45142e+08	2.62837e+12	1.08889e+10	0	0	0	0	0	0	0	0	0	0	0	0	0	0	0	0	0	0	0	0	0	192.239	192.239	0	384.477	192.229	1.02791e-13	
0	0	0	0	0	4.50061e+06	1.92592e+09	9.73562e+08	9.73562e+08	2.11454e+12	7.27842e+09	0	0	0	0	0	0	0	0	0	0	0	0	0	0	0	0	0	0	0	0	0	136.75	136.75	0	273.5	136.751	7.43916e-14	
0	0	0	0	0	3.60233e+06	1.7649e+09	4.24871e+08	4.24871e+08	4.11498e+12	2.034e+10	0	0	0	0	0	0	0	0	0	0	0	0	0	0	0	0	0	0	0	0	0	279.226	279.226	0	558.453	279.233	8.03092e-14	
0	0	0	0	0	4.32116e+06	1.88824e+09	8.96867e+08	8.96867e+08	2.791e+12	1.12296e+10	0	0	0	0	0	0	0	0	0	0	0	0	0	0	0	0	0	0	0	0	0	192.136	192.136	0	384.273	192.133	1.02369e-13	
0	0	0	0	0	4.84757e+06	1.96836e+09	1.01411e+09	1.01411e+09	2.2406e+12	7.26081e+09	0	0	0	0	0	0	0	0	0	0	0	0	0	0	0	0	0	0	0	0	0	136.624	136.624	0	273.249	136.634	7.38096e-14	
0	0	0	0	0	5.14202e+06	2.01724e+09	1.05039e+09	1.05039e+09	1.92706e+12	5.36499e+09	0	0	0	0	0	0	0	0	0	0	0	0	0	0	0	0	0	0	0	0	0	100.414	100.414	0	200.827	100.406	4.93397e-14	
0	0	0	0	0	5.28956e+06	2.05496e+09	1.06694e+09	1.06694e+09	1.73101e+12	4.5228e+09	0	0	0	0	0	0	0	0	0	0	0	0	0	0	0	0	0	0	0	0	0	76.1801	76.1801	0	152.36	76.1728	3.29652e-14	
0	0	0	0	0	5.33024e+06	2.09635e+09	1.08215e+09	1.08215e+09	1.59402e+12	4.11385e+09	0	0	0	0	0	0	0	0	0	0	0	0	0	0	0	0	0	0	0	0	0	59.5463	59.5463	0	119.093	59.5431	2.2541e-14	
0	0	0	0	0	5.31845e+06	2.1389e+09	1.09813e+09	1.09813e+09	1.48869e+12	3.84575e+09	0	0	0	0	0	0	0	0	0	0	0	0	0	0	0	0	0	0	0	0	0	47.8506	47.8506	0	95.7011	47.8547	1.59075e-14	
0	0	0	0	0	3.60233e+06	1.7649e+09	4.24871e+08	4.24871e+08	4.11498e+12	2.034e+10	0	0	0	0	0	0	0	0	0	0	0	0	0	0	0	0	0	0	0	0	0	279.226	279.226	0	558.453	279.233	8.03092e-14	
0	0	0	0	0	4.32116e+06	1.88824e+09	8.96867e+08	8.96867e+08	2.791e+12	1.12296e+10	0	0	0	0	0	0	0	0	0	0	0	0	0	0	0	0	0	0	0	0	0	192.136	192.136	0	384.273	192.133	1.02369e-13	
0	0	0	0	0	4.84757e+06	1.96836e+09	1.01411e+09	1.01411e+09	2.2406e+12	7.26083e+09	0	0	0	0	0	0	0	0	0	0	0	0	0	0	0	0	0	0	0	0	0	136.624	136.624	0	273.249	136.634	7.38096e-14	
0	0	0	0	0	3.60233e+06	1.7649e+09	4.24871e+08	4.24871e+08	4.11498e+12	2.034e+10	0	0	0	0	0	0	0	0	0	0	0	0	0	0	0	0	0	0	0	0	0	279.226	279.226	0	558.453	279.233	8.03092e-14	
0	0	0	0	0	4.32116e+06	1.88824e+09	8.96867e+08	8.96867e+08	2.791e+12	1.12296e+10	0	0	0	0	0	0	0	0	0	0	0	0	0	0	0	0	0	0	0	0	0	192.136	192.136	0	384.273	192.133	1.02369e-13	
0	0	0	0	0	4.84757e+06	1.96836e+09	1.01411e+09	1.01411e+09	2.2406e+12	7.26081e+09	0	0	0	0	0	0	0	0	0	0	0	0	0	0	0	0	0	0	0	0	0	136.624	136.624	0	273.249	136.634	7.38096e-14	
0	0	0	0	0	5.14202e+06	2.01724e+09	1.05039e+09	1.05039e+09	1.92706e+12	5.36499e+09	0	0	0	0	0	0	0	0	0	0	0	0	0	0	0	0	0	0	0	0	0	100.414	100.414	0	200.827	100.404	4.93397e-14	
0	0	0	0	0	5.28956e+06	2.05496e+09	1.06694e+09	1.06694e+09	1.731e+12	4.5228e+09	0	0	0	0	0	0	0	0	0	0	0	0	0	0	0	0	0	0	0	0	0	76.1801	76.1801	0	152.36	76.1764	3.29652e-14	
0	0	0	0	0	5.33023e+06	2.09635e+09	1.08215e+09	1.08215e+09	1.59401e+12	4.11385e+09	0	0	0	0	0	0	0	0	0	0	0	0	0	0	0	0	0	0	0	0	0	59.5463	59.5463	0	119.093	59.5405	2.2541e-14	
0	0	0	0	0	5.31844e+06	2.1389e+09	1.09813e+09	1.09813e+09	1.48869e+12	3.84575e+09	0	0	0	0	0	0	0	0	0	0	0	0	0	0	0	0	0	0	0	0	0	47.8506	47.8506	0	95.7011	47.856	1.59075e-14	
0	0	0	0	0	5.27805e+06	2.17999e+09	1.11433e+09	1.11433e+09	1.40145e+12	3.62361e+09	0	0	0	0	0	0	0	0	0	0	0	0	0	0	0	0	0	0	0	0	0	39.4407	39.4407	0	78.8815	39.4404	1.16139e-14	
0	0	0	0	0	5.2194e+06	2.21664e+09	1.12998e+09	1.12998e+09	1.32488e+12	3.43273e+09	0	0	0	0	0	0	0	0	0	0	0	0	0	0	0	0	0	0	0	0	0	33.2684	33.2684	0	66.5367	33.2772	8.76904e-15	
0	0	0	0	0	5.14886e+06	2.24811e+09	1.14429e+09	1.14429e+09	1.2587e+12	3.27469e+09	0	0	0	0	0	0	0	0	0	0	0	0	0	0	0	0	0	0	0	0	0	28.6532	28.6532	0	57.3064	28.6551	6.8359e-15	
0	0	0	0	0	5.07551e+06	2.2741e+09	1.15665e+09	1.15664e+09	1.20254e+12	3.14719e+09	0	0	0	0	0	0	0	0	0	0	0	0	0	0	0	0	0	0	0	0	0	25.1445	25.1445	0	50.2889	25.1409	5.48924e-15	
0	0	0	0	0	5.00641e+06	2.29487e+09	1.16576e+09	1.16576e+09	1.15609e+12	3.04459e+09	0	0	0	0	0	0	0	0	0	0	0	0	0	0	0	0	0	0	0	0	0	22.437	22.4371	0	44.8741	22.4344	4.5289e-15	
0	0	0	0	0	4.94536e+06	2.31108e+09	1.17084e+09	1.17084e+09	1.11874e+12	2.96111e+09	0	0	0	0	0	0	0	0	0	0	0	0	0	0	0	0	0	0	0	0	0	20.3205	20.3205	0	40.6409	20.3245	3.82917e-15	
0	0	0	0	0	4.8941e+06	2.32307e+09	1.17174e+09	1.17173e+09	1.08993e+12	2.89377e+09	0	0	0	0	0	0	0	0	0	0	0	0	0	0	0	0	0	0	0	0	0	18.6468	18.6468	0	37.2936	18.6502	3.30938e-15	
0	0	0	0	0	3.60233e+06	1.7649e+09	4.24871e+08	4.24871e+08	4.11498e+12	2.034e+10	0	0	0	0	0	0	0	0	0	0	0	0	0	0	0	0	0	0	0	0	0	279.226	279.226	0	558.453	279.233	8.03092e-14	
0	0	0	0	0	4.32116e+06	1.88824e+09	8.96867e+08	8.96867e+08	2.791e+12	1.12296e+10	0	0	0	0	0	0	0	0	0	0	0	0	0	0	0	0	0	0	0	0	0	192.136	192.136	0	384.273	192.133	1.02369e-13	
0	0	0	0	0	4.84757e+06	1.96836e+09	1.01411e+09	1.01411e+09	2.2406e+12	7.26081e+09	0	0	0	0	0	0	0	0	0	0	0	0	0	0	0	0	0	0	0	0	0	136.624	136.624	0	273.249	136.634	7.38096e-14	
0	0	0	0	0	5.14202e+06	2.01724e+09	1.05039e+09	1.05039e+09	1.92707e+12	5.365e+09	0	0	0	0	0	0	0	0	0	0	0	0	0	0	0	0	0	0	0	0	0	100.414	100.414	0	200.827	100.405	4.93397e-14	
0	0	0	0	0	5.28956e+06	2.05496e+09	1.06694e+09	1.06694e+09	1.731e+12	4.5228e+09	0	0	0	0	0	0	0	0	0	0	0	0	0	0	0	0	0	0	0	0	0	76.1801	76.1801	0	152.36	76.1777	3.29652e-14	
0	0	0	0	0	5.33024e+06	2.09635e+09	1.08215e+09	1.08215e+09	1.59401e+12	4.11385e+09	0	0	0	0	0	0	0	0	0	0	0	0	0	0	0	0	0	0	0	0	0	59.5463	59.5463	0	119.093	59.5418	2.2541e-14	
0	0	0	0	0	5.31845e+06	2.1389e+09	1.09813e+09	1.09813e+09	1.48869e+12	3.84575e+09	0	0	0	0	0	0	0	0	0	0	0	0	0	0	0	0	0	0	0	0	0	47.8506	47.8506	0	95.7011	47.8548	1.59075e-14	
0	0	0	0	0	5.27806e+06	2.17999e+09	1.11433e+09	1.11433e+09	1.40145e+12	3.62361e+09	0	0	0	0	0	0	0	0	0	0	0	0	0	0	0	0	0	0	0	0	0	39.4407	39.4407	0	78.8815	39.4388	1.16139e-14	
0	0	0	0	0	3.60233e+06	1.7649e+09	4.24871e+08	4.24871e+08	4.11498e+12	2.034e+10	0	0	0	0	0	0	0	0	0	0	0	0	0	0	0	0	0	0	0	0	0	279.226	279.226	0	558.453	279.233	8.03092e-14	
0	0	0	0	0	4.32116e+06	1.88824e+09	8.96867e+08	8.96867e+08	2.791e+12	1.12296e+10	0	0	0	0	0	0	0	0	0	0	0	0	0	0	0	0	0	0	0	0	0	192.136	192.136	0	384.273	192.133	1.02369e-13	
0	0	0	0	0	4.84757e+06	1.96836e+09	1.01411e+09	1.01411e+09	2.2406e+12	7.26081e+09	0	0	0	0	0	0	0	0	0	0	0	0	0	0	0	0	0	0	0	0	0	136.624	136.624	0	273.249	136.634	7.38096e-14	
0	0	0	0	0	5.14202e+06	2.01724e+09	1.05039e+09	1.05039e+09	1.92707e+12	5.365e+09	0	0	0	0	0	0	0	0	0	0	0	0	0	0	0	0	0	0	0	0	0	100.414	100.414	0	200.827	100.405	4.93397e-14	
0	0	0	0	0	3.60244e+06	1.76537e+09	3.94941e+08	3.94941e+08	3.81934e+12	1.88494e+10	0	0	0	0	0	0	0	0	0	0	0	0	0	0	0	0	0	0	0	0	0	279.226	279.226	0	558.453	279.233	8.03093e-14	
0	0	0	0	0	4.1317e+06	1.86015e+09	8.45142e+08	8.45142e+08	2.62837e+12	1.08889e+10	0	0	0	0	0	0	0	0	0	0	0	0	0	0	0	0	0	0	0	0	0	192.239	192.239	0	384.477	192.229	1.02791e-13	
0	0	0	0	0	4.50061e+06	1.92592e+09	9.73562e+08	9.73562e+08	2.11454e+12	7.27842e+09	0	0	0	0	0	0	0	0	0	0	0	0	0	0	0	0	0	0	0	0	0	136.75	136.75	0	273.5	136.751	7.43916e-14	
0	0	0	0	0	4.72532e+06	1.96572e+09	1.01501e+09	1.01501e+09	1.79623e+12	5.2586e+09	0	0	0	0	0	0	0	0	0	0	0	0	0	0	0	0	0	0	0	0	0	100.53	100.53	0	201.061	100.518	4.97964e-14	
0	0	0	0	0	3.60244e+06	1.76537e+09	3.94941e+08	3.94941e+08	3.81934e+12	1.88494e+10	0	0	0	0	0	0	0	0	0	0	0	0	0	0	0	0	0	0	0	0	0	279.226	279.226	0	558.453	279.233	8.03093e-14	
0	0	0	0	0	4.1317e+06	1.86015e+09	8.45142e+08	8.45142e+08	2.62837e+12	1.08889e+10	0	0	0	0	0	0	0	0	0	0	0	0	0	0	0	0	0	0	0	0	0	192.239	192.239	0	384.477	192.229	1.02791e-13	
0	0	0	0	0	4.50061e+06	1.92592e+09	9.73562e+08	9.73562e+08	2.11454e+12	7.27842e+09	0	0	0	0	0	0	0	0	0	0	0	0	0	0	0	0	0	0	0	0	0	136.75	136.75	0	273.5	136.751	7.43916e-14	
0	0	0	0	0	4.72532e+06	1.96572e+09	1.01501e+09	1.01501e+09	1.79623e+12	5.2586e+09	0	0	0	0	0	0	0	0	0	0	0	0	0	0	0	0	0	0	0	0	0	100.53	100.53	0	201.061	100.518	4.97964e-14	
0	0	0	0	0	4.85806e+06	1.99105e+09	1.02873e+09	1.02872e+09	1.59183e+12	4.2049e+09	0	0	0	0	0	0	0	0	0	0	0	0	0	0	0	0	0	0	0	0	0	76.28	76.28	0	152.56	76.2833	3.32846e-14	
0	0	0	0	0	4.91403e+06	2.01753e+09	1.03829e+09	1.03829e+09	1.45414e+12	3.67682e+09	0	0	0	0	0	0	0	0	0	0	0	0	0	0	0	0	0	0	0	0	0	59.6291	59.6291	0	119.258	59.6149	2.27604e-14	
0	0	0	0	0	4.93048e+06	2.04716e+09	1.04876e+09	1.04876e+09	1.35322e+12	3.36822e+09	0	0	0	0	0	0	0	0	0	0	0	0	0	0	0	0	0	0	0	0	0	47.9188	47.9188	0	95.8375	47.9114	1.60603e-14	
0	0	0	0	0	4.92901e+06	2.0774e+09	1.06019e+09	1.06019e+09	1.27329e+12	3.14406e+09	0	0	0	0	0	0	0	0	0	0	0	0	0	0	0	0	0	0	0	0	0	39.4971	39.4971	0	78.9942	39.5015	1.17231e-14	
0	0	0	0	0	4.91399e+06	2.10747e+09	1.07172e+09	1.07172e+09	1.20457e+12	2.95605e+09	0	0	0	0	0	0	0	0	0	0	0	0	0	0	0	0	0	0	0	0	0	33.3153	33.3153	0	66.6305	33.3152	8.8494e-15	
0	0	0	0	0	4.88441e+06	2.13865e+09	1.08261e+09	1.08261e+09	1.14576e+12	2.80388e+09	0	0	0	0	0	0	0	0	0	0	0	0	0	0	0	0	0	0	0	0	0	28.6926	28.6926	0	57.3852	28.6956	6.89683e-15	
0	0	0	0	0	4.84946e+06	2.16965e+09	1.09181e+09	1.09181e+09	1.09721e+12	2.68059e+09	0	0	0	0	0	0	0	0	0	0	0	0	0	0	0	0	0	0	0	0	0	25.1779	25.1779	0	50.3558	25.1807	5.53676e-15	
0	0	0	0	0	4.81568e+06	2.19901e+09	1.09819e+09	1.09818e+09	1.05722e+12	2.57779e+09	0	0	0	0	0	0	0	0	0	0	0	0	0	0	0	0	0	0	0	0	0	22.4657	22.4657	0	44.9313	22.4677	4.56695e-15	
0	0	0	0	0	3.60233e+06	1.7649e+09	4.24871e+08	4.24871e+08	4.11498e+12	2.034e+10	0	0	0	0	0	0	0	0	0	0	0	0	0	0	0	0	0	0	0	0	0	279.226	279.226	0	558.453	279.233	8.03092e-14	
0	0	0	0	0	4.32116e+06	1.88824e+09	8.96867e+08	8.96867e+08	2.791e+12	1.12296e+10	0	0	0	0	0	0	0	0	0	0	0	0	0	0	0	0	0	0	0	0	0	192.136	192.136	0	384.273	192.133	1.02369e-13	
0	0	0	0	0	4.84757e+06	1.96836e+09	1.01411e+09	1.01411e+09	2.2406e+12	7.26081e+09	0	0	0	0	0	0	0	0	0	0	0	0	0	0	0	0	0	0	0	0	0	136.624	136.624	0	273.249	136.634	7.38096e-14	
0	0	0	0	0	5.14202e+06	2.01724e+09	1.05039e+09	1.05039e+09	1.92707e+12	5.365e+09	0	0	0	0	0	0	0	0	0	0	0	0	0	0	0	0	0	0	0	0	0	100.414	100.414	0	200.827	100.405	4.93397e-14	
0	0	0	0	0	3.60233e+06	1.7649e+09	4.24871e+08	4.24871e+08	4.11498e+12	2.034e+10	0	0	0	0	0	0	0	0	0	0	0	0	0	0	0	0	0	0	0	0	0	279.226	279.226	0	558.453	279.233	8.03092e-14	
0	0	0	0	0	4.32116e+06	1.88824e+09	8.96867e+08	8.96867e+08	2.791e+12	1.12296e+10	0	0	0	0	0	0	0	0	0	0	0	0	0	0	0	0	0	0	0	0	0	192.136	192.136	0	384.273	192.133	1.02369e-13	
0	0	0	0	0	2.72487e+07	5.37608e+10	6.6464e+10	6.64546e+10	1.82428e+15	1.36505e+13	0	0	0	0	0	0	0	0	0	0	0	0	0	0	0	0	0	0	0	0	0	279.226	279.226	0	558.453	279.233	8.03093e-14	
0	0	0	0	0	2.72487e+07	5.37608e+10	6.6464e+10	6.64546e+10	1.82428e+15	1.36505e+13	0	0	0	0	0	0	0	0	0	0	0	0	0	0	0	0	0	0	0	0	0	279.226	279.226	0	558.453	279.233	8.03093e-14	
0	0	0	0	0	5.86121e+09	4.45378e+11	5.30423e+11	5.29268e+11	1.73965e+16	2.49408e+14	0	0	0	0	0	0	0	0	0	0	0	0	0	0	0	0	0	0	0	0	0	186.68	186.68	0	373.359	186.808	8.02262e-14	
0	0	0	0	0	1.81864e+09	1.28808e+11	1.97388e+11	1.97556e+11	2.29641e+15	9.16445e+12	0	0	0	0	0	0	0	0	0	0	0	0	0	0	0	0	0	0	0	0	0	129.715	129.715	0	259.43	129.315	4.33826e-14	
0	0	0	0	0	3.60235e+06	1.76514e+09	4.24872e+08	4.24871e+08	4.11532e+12	2.03417e+10	0	0	0	0	0	0	0	0	0	0	0	0	0	0	0	0	0	0	0	0	0	279.226	279.226	0	558.452	279.232	8.03091e-14	
0	0	0	0	0	4.32118e+06	1.88842e+09	8.96726e+08	8.96725e+08	2.78997e+12	1.12254e+10	0	0	0	0	0	0	0	0	0	0	0	0	0	0	0	0	0	0	0	0	0	192.124	192.124	0	384.248	192.124	1.02356e-13	
0	0	0	0	0	4.84704e+06	1.96839e+09	1.01381e+09	1.01381e+09	2.23958e+12	7.2599e+09	0	0	0	0	0	0	0	0	0	0	0	0	0	0	0	0	0	0	0	0	0	136.6	136.6	0	273.201	136.605	7.37845e-14	
0	0	0	0	0	5.14098e+06	2.01714e+09	1.05003e+09	1.05002e+09	1.92621e+12	5.36755e+09	0	0	0	0	0	0	0	0	0	0	0	0	0	0	0	0	0	0	0	0	0	100.381	100.381	0	200.762	100.373	4.93093e-14	
0	0	0	0	0	5.28816e+06	2.05476e+09	1.06657e+09	1.06656e+09	1.73031e+12	4.52727e+09	0	0	0	0	0	0	0	0	0	0	0	0	0	0	0	0	0	0	0	0	0	76.142	76.142	0	152.284	76.1373	3.29337e-14	
